DeePore output results including 15 single-value
paramters, 4 functions and 11 distributions
__________________________________________________
        ### Single-value parameters ###
__________________________________________________

Properties                              Value
--------------------------------------------------
Absolute Permeability (um2)             1.8269018
Formation Factor (ratio)                23.2420018
Cementation Factor (ratio)              2.2331957
pore density (1/um3)                    8e-07
Tortuosity (ratio)                      1.4060743
Average Coordination Number             3.8807318
Average Throat Radius (um)              17.1633354
Average Pore Radius (um)                35.4184696
Average Throat Length (um)              95.7994072
Pore to Throat Aspect ratio             3.9273681
Specific Surface (1/um)                 0.01765
Pore Sphericity (ratio)                 0.7425455
Grain Sphericity (ratio)                0.805438
Average Grain Radius (um)               48.7910341
Relative Young Module (ratio)           0.1214885

__________________________________________________
       ### Functions and distributions ###
__________________________________________________


# Leveret J Function (ratio)
--------------------------------------------------
Wetting-sat (Sw)                        Value
--------------------------------------------------
0.01                                    2.2851581
0.02                                    1.8676074
0.03                                    2.4796341
0.04                                    1.8470901
0.05                                    2.1920663
0.06                                    2.1518264
0.07                                    1.9579873
0.08                                    2.1440795
0.09                                    2.194566
0.1                                     1.9202565
0.11                                    1.8725229
0.12                                    1.9739443
0.13                                    2.2464165
0.14                                    1.9958104
0.15                                    2.0604356
0.16                                    1.7547176
0.17                                    2.5059684
0.18                                    2.3049337
0.19                                    1.7878352
0.2                                     2.2256962
0.21                                    2.280439
0.22                                    2.1985874
0.23                                    2.0196203
0.24                                    2.2480319
0.25                                    2.0391236
0.26                                    2.0412159
0.27                                    2.0767219
0.28                                    1.8648433
0.29                                    2.3733214
0.3                                     2.0178283
0.31                                    2.2930605
0.32                                    2.3610091
0.33                                    2.2214134
0.34                                    2.2196981
0.35                                    1.8647737
0.36                                    2.3259565
0.37                                    1.8120762
0.38                                    1.7913961
0.39                                    2.7730159
0.4                                     2.3655287
0.41                                    2.1690109
0.42                                    2.2216681
0.43                                    2.2466952
0.44                                    2.16847
0.45                                    2.1486589
0.46                                    2.1312195
0.47                                    2.3939966
0.48                                    2.1198236
0.49                                    1.9616623
0.5                                     1.9654334
0.51                                    2.1931958
0.52                                    1.7749271
0.53                                    2.625792
0.54                                    2.3598386
0.55                                    1.8407745
0.56                                    2.2270308
0.57                                    2.0760146
0.58                                    2.613731
0.59                                    2.1419261
0.6                                     2.1045863
0.61                                    1.9378184
0.62                                    2.4427688
0.63                                    2.2464409
0.64                                    2.0379757
0.65                                    1.6424848
0.66                                    2.3547539
0.67                                    1.9856682
0.68                                    2.08242
0.69                                    1.8707825
0.7                                     2.3603222
0.71                                    2.0171653
0.72                                    1.7587674
0.73                                    1.5257086
0.74                                    2.1894873
0.75                                    1.8302571
0.76                                    1.7770394
0.77                                    2.1487289
0.78                                    2.0954551
0.79                                    1.5757763
0.8                                     2.1372455
0.81                                    1.9050474
0.82                                    1.8914832
0.83                                    2.1097076
0.84                                    1.9864053
0.85                                    2.3809221
0.86                                    2.0681611
0.87                                    2.5001876
0.88                                    1.8545655
0.89                                    1.9683882
0.9                                     2.0016029
0.91                                    2.1100124
0.92                                    2.4729416
0.93                                    2.218723
0.94                                    2.0032848
0.95                                    2.1861586
0.96                                    1.8910504
0.97                                    2.0153049
0.98                                    1.9618038
0.99                                    2.0459937
1.0                                     2.1664129


# Wetting Relative Permeability (fraction)
--------------------------------------------------
Wetting-sat (Sw)                        Value
--------------------------------------------------
0.01                                    0.4669644
0.02                                    0.4975661
0.03                                    0.3822691
0.04                                    0.4102916
0.05                                    0.4941605
0.06                                    0.5015789
0.07                                    0.4947826
0.08                                    0.5093063
0.09                                    0.4859071
0.1                                     0.441347
0.11                                    0.4580095
0.12                                    0.5480155
0.13                                    0.4823839
0.14                                    0.4841638
0.15                                    0.5265244
0.16                                    0.6001964
0.17                                    0.5441766
0.18                                    0.4694414
0.19                                    0.4120209
0.2                                     0.521906
0.21                                    0.4044897
0.22                                    0.4373938
0.23                                    0.4728192
0.24                                    0.5569254
0.25                                    0.5401889
0.26                                    0.4795101
0.27                                    0.6042664
0.28                                    0.387759
0.29                                    0.5677985
0.3                                     0.5178729
0.31                                    0.4115398
0.32                                    0.4076962
0.33                                    0.4169887
0.34                                    0.6347078
0.35                                    0.4999918
0.36                                    0.5342465
0.37                                    0.6027239
0.38                                    0.4711523
0.39                                    0.3955619
0.4                                     0.4620229
0.41                                    0.530596
0.42                                    0.4637923
0.43                                    0.4899857
0.44                                    0.4765339
0.45                                    0.5000137
0.46                                    0.5926704
0.47                                    0.4884804
0.48                                    0.426696
0.49                                    0.4879375
0.5                                     0.5060619
0.51                                    0.4975416
0.52                                    0.4410025
0.53                                    0.4905365
0.54                                    0.4866899
0.55                                    0.5561475
0.56                                    0.5204556
0.57                                    0.5129574
0.58                                    0.4336531
0.59                                    0.4693054
0.6                                     0.3597357
0.61                                    0.4660756
0.62                                    0.4998192
0.63                                    0.5156045
0.64                                    0.4243362
0.65                                    0.494525
0.66                                    0.5332657
0.67                                    0.5410186
0.68                                    0.4724482
0.69                                    0.4450938
0.7                                     0.5219443
0.71                                    0.5353374
0.72                                    0.539602
0.73                                    0.4551224
0.74                                    0.5111076
0.75                                    0.4753269
0.76                                    0.3721761
0.77                                    0.5034034
0.78                                    0.5852079
0.79                                    0.5621627
0.8                                     0.4464908
0.81                                    0.5168101
0.82                                    0.455695
0.83                                    0.5012735
0.84                                    0.6157977
0.85                                    0.4844477
0.86                                    0.5531939
0.87                                    0.5161188
0.88                                    0.5291189
0.89                                    0.436705
0.9                                     0.5112811
0.91                                    0.5707521
0.92                                    0.5648058
0.93                                    0.4557392
0.94                                    0.5333444
0.95                                    0.6885139
0.96                                    0.4771958
0.97                                    0.4602067
0.98                                    0.445945
0.99                                    0.4495255
1.0                                     0.5202017


# Non-Wetting Relative Permeability (fraction)
--------------------------------------------------
Wetting-sat (Sw)                        Value
--------------------------------------------------
0.01                                    0.5262731
0.02                                    0.5321954
0.03                                    0.483985
0.04                                    0.5438958
0.05                                    0.5322063
0.06                                    0.4979058
0.07                                    0.5953372
0.08                                    0.5151089
0.09                                    0.5243448
0.1                                     0.4184605
0.11                                    0.5200468
0.12                                    0.4644575
0.13                                    0.4755748
0.14                                    0.4702856
0.15                                    0.5737544
0.16                                    0.4949848
0.17                                    0.5042454
0.18                                    0.5274729
0.19                                    0.4085885
0.2                                     0.4605403
0.21                                    0.5847239
0.22                                    0.4883106
0.23                                    0.5148725
0.24                                    0.4831459
0.25                                    0.5077838
0.26                                    0.365317
0.27                                    0.5192847
0.28                                    0.5118562
0.29                                    0.5197162
0.3                                     0.393169
0.31                                    0.5757395
0.32                                    0.497441
0.33                                    0.4861349
0.34                                    0.4369256
0.35                                    0.5555583
0.36                                    0.5320544
0.37                                    0.5166099
0.38                                    0.4374103
0.39                                    0.4722641
0.4                                     0.5305081
0.41                                    0.5859803
0.42                                    0.4835681
0.43                                    0.5381845
0.44                                    0.5253636
0.45                                    0.541306
0.46                                    0.4955528
0.47                                    0.5343937
0.48                                    0.4762743
0.49                                    0.5128032
0.5                                     0.5019059
0.51                                    0.4575045
0.52                                    0.4668743
0.53                                    0.4984574
0.54                                    0.447943
0.55                                    0.461811
0.56                                    0.4472648
0.57                                    0.5125203
0.58                                    0.4764964
0.59                                    0.6156478
0.6                                     0.5762712
0.61                                    0.5231082
0.62                                    0.4806361
0.63                                    0.4083935
0.64                                    0.5000166
0.65                                    0.3985148
0.66                                    0.4273253
0.67                                    0.5988951
0.68                                    0.4109827
0.69                                    0.4025608
0.7                                     0.4217613
0.71                                    0.4016522
0.72                                    0.6086208
0.73                                    0.5435559
0.74                                    0.4902007
0.75                                    0.4645718
0.76                                    0.4349519
0.77                                    0.4904938
0.78                                    0.5753784
0.79                                    0.4807228
0.8                                     0.4755862
0.81                                    0.5244051
0.82                                    0.4861458
0.83                                    0.3678592
0.84                                    0.5061339
0.85                                    0.510429
0.86                                    0.5023238
0.87                                    0.467961
0.88                                    0.4340827
0.89                                    0.4987064
0.9                                     0.530731
0.91                                    0.5147887
0.92                                    0.5318554
0.93                                    0.4672444
0.94                                    0.5154393
0.95                                    0.5932817
0.96                                    0.5419106
0.97                                    0.5096378
0.98                                    0.4859714
0.99                                    0.4082056
1.0                                     0.4725466


# Two-point Correlation Function (1/um)
--------------------------------------------------
lag (px)                                Value
--------------------------------------------------
0.5                                     0.0458904
1.0                                     0.0564498
1.5                                     0.0526898
2.0                                     0.0484431
2.5                                     0.0353912
3.0                                     0.045858
3.5                                     0.0439295
4.0                                     0.0496189
4.5                                     0.0480569
5.0                                     0.0465364
5.5                                     0.0469348
6.0                                     0.0509419
6.5                                     0.04422
7.0                                     0.0461345
7.5                                     0.0457748
8.0                                     0.0546093
8.5                                     0.042192
9.0                                     0.0515205
9.5                                     0.0483818
10.0                                    0.0478917
10.5                                    0.0526445
11.0                                    0.0461827
11.5                                    0.0485007
12.0                                    0.0469706
12.5                                    0.0508565
13.0                                    0.0583398
13.5                                    0.0434783
14.0                                    0.0491997
14.5                                    0.0508742
15.0                                    0.0546163
15.5                                    0.0541458
16.0                                    0.0505689
16.5                                    0.0523198
17.0                                    0.0560704
17.5                                    0.0501719
18.0                                    0.0524678
18.5                                    0.0433683
19.0                                    0.0427872
19.5                                    0.0463966
20.0                                    0.0497782
20.5                                    0.0459864
21.0                                    0.0588131
21.5                                    0.0428695
22.0                                    0.0468
22.5                                    0.0463458
23.0                                    0.0472413
23.5                                    0.0485747
24.0                                    0.0464696
24.5                                    0.043986
25.0                                    0.0457344
25.5                                    0.0541786
26.0                                    0.0481703
26.5                                    0.0481373
27.0                                    0.0442551
27.5                                    0.0370295
28.0                                    0.0456612
28.5                                    0.0514891
29.0                                    0.0489929
29.5                                    0.0475465
30.0                                    0.0366692
30.5                                    0.0490068
31.0                                    0.0514276
31.5                                    0.0440455
32.0                                    0.047864
32.5                                    0.054135
33.0                                    0.0414652
33.5                                    0.0499245
34.0                                    0.0513595
34.5                                    0.0487355
35.0                                    0.0418946
35.5                                    0.0472883
36.0                                    0.0451763
36.5                                    0.050503
37.0                                    0.0503032
37.5                                    0.0455369
38.0                                    0.0545244
38.5                                    0.0484073
39.0                                    0.0444103
39.5                                    0.0565356
40.0                                    0.0468184
40.5                                    0.0435376
41.0                                    0.0412747
41.5                                    0.0518817
42.0                                    0.0523213
42.5                                    0.0505542
43.0                                    0.0457439
43.5                                    0.0607058
44.0                                    0.0448175
44.5                                    0.0493039
45.0                                    0.0446215
45.5                                    0.0431403
46.0                                    0.043436
46.5                                    0.0543078
47.0                                    0.0405065
47.5                                    0.0538676
48.0                                    0.0509701
48.5                                    0.0421738
49.0                                    0.046658
49.5                                    0.0468453
50.0                                    0.0507051


# Pore Radius Distribution (um)
--------------------------------------------------
Cumulative probability                  Value
--------------------------------------------------
0.01                                    128.0028205
0.02                                    131.5391267
0.03                                    108.4657042
0.04                                    133.9785149
0.05                                    141.1834111
0.06                                    102.3825677
0.07                                    134.2519939
0.08                                    146.1087286
0.09                                    120.1544613
0.1                                     129.1867606
0.11                                    142.6452378
0.12                                    132.3590391
0.13                                    138.2576536
0.14                                    123.3400459
0.15                                    142.3648505
0.16                                    119.4153229
0.17                                    138.3891967
0.18                                    127.4515297
0.19                                    126.6058227
0.2                                     155.7528456
0.21                                    100.0639753
0.22                                    130.0785916
0.23                                    141.9513415
0.24                                    104.0597302
0.25                                    158.5922198
0.26                                    120.061513
0.27                                    131.6114802
0.28                                    125.4563054
0.29                                    147.5675841
0.3                                     154.6835112
0.31                                    143.298699
0.32                                    131.8046033
0.33                                    128.9574659
0.34                                    127.7018121
0.35                                    152.392869
0.36                                    131.6786199
0.37                                    138.0414078
0.38                                    126.9961987
0.39                                    123.3181641
0.4                                     119.2654294
0.41                                    118.3424619
0.42                                    129.3329713
0.43                                    112.0591631
0.44                                    129.9545563
0.45                                    138.5629228
0.46                                    124.7128492
0.47                                    122.0650418
0.48                                    133.8425876
0.49                                    124.7739616
0.5                                     119.7121136
0.51                                    110.43913
0.52                                    124.38498
0.53                                    130.1012037
0.54                                    136.1275569
0.55                                    157.057861
0.56                                    106.7042466
0.57                                    116.264452
0.58                                    137.4288587
0.59                                    144.6519772
0.6                                     118.7981643
0.61                                    117.8873273
0.62                                    143.8453138
0.63                                    140.6950395
0.64                                    134.1003329
0.65                                    133.5890255
0.66                                    115.6175569
0.67                                    134.1628434
0.68                                    133.721242
0.69                                    144.0186742
0.7                                     134.7910364
0.71                                    120.358933
0.72                                    127.4935444
0.73                                    126.7442993
0.74                                    138.4016713
0.75                                    116.3853722
0.76                                    106.7153614
0.77                                    131.94354
0.78                                    130.7302927
0.79                                    145.4640751
0.8                                     127.898458
0.81                                    119.1686533
0.82                                    119.3781638
0.83                                    122.8132105
0.84                                    134.9912586
0.85                                    123.527829
0.86                                    134.4979781
0.87                                    115.3830868
0.88                                    119.0916827
0.89                                    123.0406366
0.9                                     158.0967519
0.91                                    155.5324185
0.92                                    137.9158799
0.93                                    135.5904063
0.94                                    151.7271671
0.95                                    137.4100453
0.96                                    139.0690706
0.97                                    144.6318181
0.98                                    123.625069
0.99                                    125.1404703
1.0                                     132.1565211


# Throat Radius Distribution (um)
--------------------------------------------------
Cumulative probability                  Value
--------------------------------------------------
0.01                                    168.2014733
0.02                                    161.7769952
0.03                                    155.6582825
0.04                                    164.4338289
0.05                                    125.7999284
0.06                                    142.8733705
0.07                                    160.9958913
0.08                                    165.4946937
0.09                                    150.7228072
0.1                                     145.6697123
0.11                                    136.2252337
0.12                                    157.7090603
0.13                                    130.2667624
0.14                                    160.9367437
0.15                                    136.6826105
0.16                                    178.5308023
0.17                                    111.4210721
0.18                                    139.1757319
0.19                                    144.6305505
0.2                                     137.0776585
0.21                                    130.3266489
0.22                                    143.9393052
0.23                                    147.005008
0.24                                    134.9513637
0.25                                    149.8120609
0.26                                    141.7018301
0.27                                    164.1441738
0.28                                    161.5724028
0.29                                    136.5502861
0.3                                     165.4101131
0.31                                    152.2312474
0.32                                    153.8251894
0.33                                    120.1202391
0.34                                    114.5818686
0.35                                    152.9895234
0.36                                    152.3432086
0.37                                    169.2688192
0.38                                    136.5044764
0.39                                    141.6638458
0.4                                     126.9947279
0.41                                    132.200783
0.42                                    125.1368943
0.43                                    135.8905803
0.44                                    149.6494963
0.45                                    160.8843545
0.46                                    134.5244219
0.47                                    150.3812155
0.48                                    151.4192072
0.49                                    157.1890426
0.5                                     150.3601881
0.51                                    137.3181632
0.52                                    122.6723678
0.53                                    150.0879618
0.54                                    157.9028351
0.55                                    140.343805
0.56                                    140.2534178
0.57                                    157.861096
0.58                                    151.9571708
0.59                                    167.2678188
0.6                                     151.9733661
0.61                                    176.9939437
0.62                                    174.3917445
0.63                                    158.420413
0.64                                    134.9610236
0.65                                    132.1720127
0.66                                    162.5403943
0.67                                    160.1868658
0.68                                    134.5935293
0.69                                    164.8846091
0.7                                     166.524371
0.71                                    124.7331257
0.72                                    152.8407345
0.73                                    185.9068661
0.74                                    156.9430607
0.75                                    157.9625632
0.76                                    172.2337484
0.77                                    174.652008
0.78                                    159.2541212
0.79                                    138.6929278
0.8                                     162.6797123
0.81                                    158.931898
0.82                                    151.3356553
0.83                                    181.0719176
0.84                                    134.1374257
0.85                                    152.4085486
0.86                                    165.0562961
0.87                                    166.9602722
0.88                                    146.9455628
0.89                                    122.462856
0.9                                     123.1219292
0.91                                    175.3242097
0.92                                    155.9633735
0.93                                    134.5747606
0.94                                    164.723648
0.95                                    156.12543
0.96                                    171.1413735
0.97                                    195.3783191
0.98                                    153.0486144
0.99                                    145.641354
1.0                                     146.6295603


# Throat Lenght Distribution (um)
--------------------------------------------------
Cumulative probability                  Value
--------------------------------------------------
0.01                                    374.8599616
0.02                                    389.7170246
0.03                                    414.6177406
0.04                                    403.5082555
0.05                                    482.682761
0.06                                    431.9261034
0.07                                    312.8777829
0.08                                    404.32258
0.09                                    445.8872422
0.1                                     328.3018757
0.11                                    396.63036
0.12                                    391.1450105
0.13                                    403.5797465
0.14                                    417.7817584
0.15                                    398.7651255
0.16                                    447.1204494
0.17                                    417.8041105
0.18                                    412.0204712
0.19                                    412.7605644
0.2                                     430.0899603
0.21                                    353.5499351
0.22                                    375.7247298
0.23                                    377.6039255
0.24                                    356.541333
0.25                                    365.8822999
0.26                                    380.0003215
0.27                                    427.6130847
0.28                                    383.5772068
0.29                                    302.6645375
0.3                                     413.4564081
0.31                                    424.5193924
0.32                                    418.4269226
0.33                                    376.2567035
0.34                                    437.4992524
0.35                                    338.4335898
0.36                                    356.0323226
0.37                                    381.6266452
0.38                                    352.8938806
0.39                                    347.9160291
0.4                                     418.6202288
0.41                                    366.31209
0.42                                    308.3180495
0.43                                    332.982998
0.44                                    401.082378
0.45                                    460.6301653
0.46                                    324.8923769
0.47                                    348.4478692
0.48                                    395.1198421
0.49                                    362.7729528
0.5                                     404.6446888
0.51                                    434.0054562
0.52                                    323.1086133
0.53                                    405.6727841
0.54                                    462.8856942
0.55                                    386.2965331
0.56                                    384.422946
0.57                                    455.9856911
0.58                                    395.3419732
0.59                                    398.5647808
0.6                                     343.3512784
0.61                                    423.5512382
0.62                                    413.3299764
0.63                                    291.4912623
0.64                                    383.5729939
0.65                                    372.5469022
0.66                                    336.8430556
0.67                                    387.5830408
0.68                                    390.3083112
0.69                                    417.0617944
0.7                                     476.5931025
0.71                                    404.2050459
0.72                                    386.6477255
0.73                                    390.0523917
0.74                                    358.9065957
0.75                                    451.1603105
0.76                                    419.6569801
0.77                                    434.3288215
0.78                                    449.6001023
0.79                                    433.5800581
0.8                                     369.6652068
0.81                                    401.4482586
0.82                                    350.4758773
0.83                                    419.2985018
0.84                                    393.6486557
0.85                                    401.0762235
0.86                                    407.5795938
0.87                                    451.4008368
0.88                                    401.4990377
0.89                                    431.6190325
0.9                                     446.4303763
0.91                                    438.6693915
0.92                                    344.0197384
0.93                                    346.3064319
0.94                                    369.5594301
0.95                                    339.0658737
0.96                                    506.1261487
0.97                                    418.3690709
0.98                                    465.6329329
0.99                                    387.8571876
1.0                                     407.398369


# Pore Inscribed Radius Distribution (um)
--------------------------------------------------
Cumulative probability                  Value
--------------------------------------------------
0.01                                    24.7108408
0.02                                    22.8355551
0.03                                    21.864117
0.04                                    22.8785592
0.05                                    25.7974349
0.06                                    28.3132934
0.07                                    25.8011667
0.08                                    26.0667413
0.09                                    23.0138951
0.1                                     26.4939856
0.11                                    26.3892496
0.12                                    24.579398
0.13                                    21.0863045
0.14                                    27.6279773
0.15                                    25.4803736
0.16                                    20.6762794
0.17                                    22.9714995
0.18                                    20.9573908
0.19                                    19.6281857
0.2                                     22.2666122
0.21                                    24.2464871
0.22                                    23.6764706
0.23                                    26.1633273
0.24                                    24.6889586
0.25                                    26.8005723
0.26                                    17.6899879
0.27                                    26.041347
0.28                                    25.0001676
0.29                                    24.2655765
0.3                                     28.9955225
0.31                                    26.3115322
0.32                                    25.0521249
0.33                                    25.2225994
0.34                                    21.844981
0.35                                    22.0665669
0.36                                    23.2000206
0.37                                    21.0298106
0.38                                    24.5892042
0.39                                    26.5612418
0.4                                     24.6129496
0.41                                    22.1538178
0.42                                    24.3092515
0.43                                    23.0212291
0.44                                    25.2818996
0.45                                    22.875111
0.46                                    24.4994957
0.47                                    23.2182727
0.48                                    25.6094171
0.49                                    25.6563211
0.5                                     23.0904363
0.51                                    27.5462305
0.52                                    19.9480289
0.53                                    28.3134057
0.54                                    27.023241
0.55                                    22.0757516
0.56                                    21.583936
0.57                                    27.0263106
0.58                                    23.8605504
0.59                                    27.7784699
0.6                                     30.1376256
0.61                                    27.4535049
0.62                                    25.4362076
0.63                                    22.8071295
0.64                                    24.8389591
0.65                                    23.7323958
0.66                                    20.6657058
0.67                                    26.8667524
0.68                                    18.6690049
0.69                                    22.7416565
0.7                                     26.6873184
0.71                                    21.4637401
0.72                                    27.0430605
0.73                                    25.8615809
0.74                                    25.8803706
0.75                                    27.3168976
0.76                                    22.424737
0.77                                    26.6651771
0.78                                    24.6295623
0.79                                    23.9857481
0.8                                     22.6864586
0.81                                    20.2798819
0.82                                    26.3023455
0.83                                    23.1959275
0.84                                    26.829505
0.85                                    21.5760635
0.86                                    29.4721506
0.87                                    24.5169234
0.88                                    28.2783939
0.89                                    26.5827607
0.9                                     22.1997164
0.91                                    22.1731651
0.92                                    23.6995418
0.93                                    24.8565149
0.94                                    27.8299313
0.95                                    27.7780725
0.96                                    25.3717993
0.97                                    25.4772041
0.98                                    28.7689345
0.99                                    22.3621503
1.0                                     29.4851953


# Throat Inscribed Radius Distribution (um)
--------------------------------------------------
Cumulative probability                  Value
--------------------------------------------------
0.01                                    109.8103659
0.02                                    110.19991
0.03                                    104.9917595
0.04                                    92.7907963
0.05                                    109.2261786
0.06                                    92.5719991
0.07                                    100.5339772
0.08                                    112.4714015
0.09                                    106.4413616
0.1                                     108.0886761
0.11                                    91.3658161
0.12                                    106.0565008
0.13                                    93.2547236
0.14                                    109.1123066
0.15                                    123.1559964
0.16                                    93.1724485
0.17                                    117.3957013
0.18                                    92.5399533
0.19                                    117.0212226
0.2                                     120.0903591
0.21                                    106.9622536
0.22                                    88.4777628
0.23                                    109.2274225
0.24                                    107.6863054
0.25                                    101.7812403
0.26                                    124.8645713
0.27                                    99.8646748
0.28                                    82.7111041
0.29                                    118.3535684
0.3                                     108.5097421
0.31                                    98.1993416
0.32                                    102.7841926
0.33                                    123.2745028
0.34                                    89.9590138
0.35                                    112.9796726
0.36                                    91.330872
0.37                                    113.5072465
0.38                                    117.8362238
0.39                                    108.4227309
0.4                                     100.6713272
0.41                                    105.1876293
0.42                                    123.5278604
0.43                                    106.547908
0.44                                    97.8433961
0.45                                    126.3580556
0.46                                    126.4879674
0.47                                    100.220421
0.48                                    118.4935709
0.49                                    106.4860071
0.5                                     89.6713604
0.51                                    114.7998941
0.52                                    93.5608802
0.53                                    97.5833676
0.54                                    108.4437243
0.55                                    120.0378658
0.56                                    97.9801198
0.57                                    96.4971279
0.58                                    102.4296824
0.59                                    92.0967295
0.6                                     104.2783488
0.61                                    127.1351097
0.62                                    116.855827
0.63                                    114.9349808
0.64                                    129.2486502
0.65                                    112.3584749
0.66                                    114.0122744
0.67                                    121.957721
0.68                                    109.8182405
0.69                                    100.1583318
0.7                                     112.269291
0.71                                    120.3343296
0.72                                    128.2954522
0.73                                    110.8257603
0.74                                    111.6709025
0.75                                    89.7622719
0.76                                    103.3407558
0.77                                    118.0484722
0.78                                    115.2565313
0.79                                    122.0583048
0.8                                     106.2020815
0.81                                    107.0703228
0.82                                    113.5304158
0.83                                    100.7129973
0.84                                    95.836443
0.85                                    105.8011005
0.86                                    112.2185985
0.87                                    115.966794
0.88                                    109.1797354
0.89                                    107.1138402
0.9                                     116.0671265
0.91                                    109.240672
0.92                                    94.8390296
0.93                                    95.3581365
0.94                                    97.5645855
0.95                                    95.165573
0.96                                    120.7692644
0.97                                    120.6935727
0.98                                    97.6734456
0.99                                    120.380843
1.0                                     110.4138552


# Throat Average Distance (um)
--------------------------------------------------
Cumulative probability                  Value
--------------------------------------------------
0.01                                    80.2499364
0.02                                    74.7886563
0.03                                    91.6457452
0.04                                    90.130202
0.05                                    81.0541512
0.06                                    94.2567654
0.07                                    83.7505566
0.08                                    87.6555417
0.09                                    82.3779939
0.1                                     75.20445
0.11                                    83.2980232
0.12                                    63.132374
0.13                                    72.1458745
0.14                                    78.1085102
0.15                                    63.7583952
0.16                                    87.7795165
0.17                                    70.5645804
0.18                                    85.820683
0.19                                    86.0185299
0.2                                     81.2687365
0.21                                    84.0030694
0.22                                    88.2573396
0.23                                    85.0615063
0.24                                    90.706865
0.25                                    65.0806259
0.26                                    79.0971486
0.27                                    63.2160045
0.28                                    80.6351151
0.29                                    76.5228188
0.3                                     81.533565
0.31                                    79.4590246
0.32                                    70.2207315
0.33                                    88.7680632
0.34                                    95.0885192
0.35                                    79.7049392
0.36                                    94.5742115
0.37                                    92.7133668
0.38                                    71.6645334
0.39                                    92.1291545
0.4                                     84.2799012
0.41                                    86.20579
0.42                                    78.0866917
0.43                                    84.3469596
0.44                                    86.7396507
0.45                                    75.8150347
0.46                                    75.827022
0.47                                    87.2153911
0.48                                    64.3625772
0.49                                    84.8844799
0.5                                     84.4393552
0.51                                    70.0403957
0.52                                    72.3198741
0.53                                    72.9362509
0.54                                    89.074253
0.55                                    76.5070411
0.56                                    91.88281
0.57                                    82.6184339
0.58                                    75.7026006
0.59                                    74.8410813
0.6                                     82.5506435
0.61                                    82.6589233
0.62                                    91.3199032
0.63                                    71.8627145
0.64                                    73.4841935
0.65                                    65.6709169
0.66                                    92.4898009
0.67                                    65.5382154
0.68                                    85.3917738
0.69                                    71.0589595
0.7                                     80.9808466
0.71                                    84.1866143
0.72                                    73.775434
0.73                                    82.4436146
0.74                                    67.5886706
0.75                                    67.2500624
0.76                                    80.4830721
0.77                                    82.4269874
0.78                                    91.8820292
0.79                                    85.8485591
0.8                                     76.6902346
0.81                                    76.2834375
0.82                                    76.3186884
0.83                                    78.683551
0.84                                    75.2089776
0.85                                    71.6083565
0.86                                    83.0660523
0.87                                    80.3022657
0.88                                    84.567575
0.89                                    88.8094342
0.9                                     88.3790948
0.91                                    78.9413846
0.92                                    66.0143829
0.93                                    87.2086554
0.94                                    77.3558296
0.95                                    68.7412269
0.96                                    71.4365535
0.97                                    77.90658
0.98                                    79.9365627
0.99                                    88.7336349
1.0                                     86.7785601


# Throat Permeability Distribution (um2)
--------------------------------------------------
Cumulative probability                  Value
--------------------------------------------------
0.01                                    15558.1337484
0.02                                    16657.5905069
0.03                                    16207.7878391
0.04                                    13895.822328
0.05                                    14159.6240369
0.06                                    15503.7977967
0.07                                    14775.2675617
0.08                                    16415.6821029
0.09                                    18501.066138
0.1                                     16266.4906933
0.11                                    15449.330579
0.12                                    16772.3536416
0.13                                    15289.5058913
0.14                                    16924.2284221
0.15                                    15433.6206996
0.16                                    18416.8426026
0.17                                    14935.9626719
0.18                                    15643.8708476
0.19                                    13399.910445
0.2                                     17370.533747
0.21                                    14786.3043747
0.22                                    15993.3804443
0.23                                    14523.3912067
0.24                                    14289.8793838
0.25                                    15862.3654807
0.26                                    15357.1878268
0.27                                    18009.5890707
0.28                                    18172.2686995
0.29                                    16418.2605844
0.3                                     14389.2874884
0.31                                    13691.8650554
0.32                                    17073.5880739
0.33                                    15487.3879557
0.34                                    15687.0570853
0.35                                    15181.7587653
0.36                                    18686.7134802
0.37                                    15139.1325955
0.38                                    12481.6400831
0.39                                    12730.1923909
0.4                                     18024.2996036
0.41                                    15119.0980898
0.42                                    12669.7181248
0.43                                    15544.8381757
0.44                                    18325.0301721
0.45                                    18218.4929111
0.46                                    16950.6730181
0.47                                    19397.1009176
0.48                                    16507.2605966
0.49                                    16523.0716679
0.5                                     16055.1683556
0.51                                    15004.1436643
0.52                                    16561.0171296
0.53                                    15695.3154982
0.54                                    17048.201247
0.55                                    17253.7088131
0.56                                    14720.1748281
0.57                                    14447.4554187
0.58                                    18151.2262196
0.59                                    13765.1447116
0.6                                     16655.9869674
0.61                                    13905.766491
0.62                                    16417.776811
0.63                                    17996.440787
0.64                                    15632.225651
0.65                                    16607.4696082
0.66                                    17840.0451592
0.67                                    14976.0329157
0.68                                    14853.4626024
0.69                                    17965.5043086
0.7                                     18268.1275712
0.71                                    15020.2862898
0.72                                    16647.009735
0.73                                    15838.4781665
0.74                                    16391.5925283
0.75                                    17917.8831319
0.76                                    15220.7436312
0.77                                    18087.1245772
0.78                                    16637.0378398
0.79                                    15640.2524689
0.8                                     17930.3737303
0.81                                    15468.6584674
0.82                                    16355.9285051
0.83                                    15051.6746188
0.84                                    17676.4148693
0.85                                    14851.9542154
0.86                                    16593.1049271
0.87                                    14906.5771033
0.88                                    14130.1010396
0.89                                    15682.7497147
0.9                                     18752.4410943
0.91                                    10513.4050176
0.92                                    14443.8673606
0.93                                    15564.8373074
0.94                                    15493.1939763
0.95                                    16796.5058294
0.96                                    18207.961441
0.97                                    16815.8994123
0.98                                    15079.3598933
0.99                                    15250.5556599
1.0                                     15523.8597881


# Coordination Number Distribution
--------------------------------------------------
Cumulative probability                  Value
--------------------------------------------------
0.01                                    42.1935214
0.02                                    36.3755835
0.03                                    38.0118022
0.04                                    27.6072965
0.05                                    38.8128615
0.06                                    41.0331553
0.07                                    41.9796101
0.08                                    39.3577281
0.09                                    40.128655
0.1                                     34.6189123
0.11                                    38.5576084
0.12                                    32.3494773
0.13                                    35.3574226
0.14                                    44.377913
0.15                                    32.8126024
0.16                                    39.4763541
0.17                                    33.9239701
0.18                                    29.5798215
0.19                                    44.2955901
0.2                                     39.9335116
0.21                                    31.835347
0.22                                    32.302856
0.23                                    42.3302802
0.24                                    39.6390858
0.25                                    40.1166097
0.26                                    34.2287755
0.27                                    31.7905153
0.28                                    36.5819754
0.29                                    36.9916752
0.3                                     40.0570886
0.31                                    36.5293352
0.32                                    34.1125194
0.33                                    38.2616657
0.34                                    42.3779289
0.35                                    35.5586687
0.36                                    38.2027028
0.37                                    37.416805
0.38                                    34.7880977
0.39                                    39.1267781
0.4                                     30.8026108
0.41                                    32.5663786
0.42                                    30.1824356
0.43                                    34.7424615
0.44                                    35.2864775
0.45                                    36.8114429
0.46                                    36.2643278
0.47                                    38.6521048
0.48                                    32.8154095
0.49                                    30.2528452
0.5                                     41.2690743
0.51                                    33.485778
0.52                                    42.8124585
0.53                                    38.8433233
0.54                                    43.1386332
0.55                                    37.3885942
0.56                                    40.3808874
0.57                                    30.2841827
0.58                                    37.4105618
0.59                                    38.2545562
0.6                                     35.8515596
0.61                                    39.5073032
0.62                                    38.8042025
0.63                                    43.0904784
0.64                                    40.6116297
0.65                                    39.7785223
0.66                                    42.0361546
0.67                                    40.8717311
0.68                                    33.2226415
0.69                                    40.4885001
0.7                                     39.690152
0.71                                    43.8593779
0.72                                    44.5010675
0.73                                    32.9911511
0.74                                    43.8906925
0.75                                    46.654107
0.76                                    40.0122529
0.77                                    31.1587536
0.78                                    35.9124298
0.79                                    36.188551
0.8                                     40.5599412
0.81                                    41.8991294
0.82                                    42.887367
0.83                                    47.5956852
0.84                                    35.5607411
0.85                                    42.2246762
0.86                                    38.4263864
0.87                                    31.6828693
0.88                                    38.3166675
0.89                                    35.8033934
0.9                                     39.8725686
0.91                                    36.3320143
0.92                                    39.2178814
0.93                                    37.3991992
0.94                                    40.0520636
0.95                                    37.9932999
0.96                                    31.9061662
0.97                                    42.4785401
0.98                                    35.187895
0.99                                    36.177607
1.0                                     36.4700794


# Pore Sphericity Distribution (ratio)
--------------------------------------------------
Cumulative probability                  Value
--------------------------------------------------
0.01                                    0.6901703
0.02                                    0.6539264
0.03                                    0.660292
0.04                                    0.7393575
0.05                                    0.5779012
0.06                                    0.695186
0.07                                    0.695485
0.08                                    0.7011995
0.09                                    0.6206683
0.1                                     0.7114036
0.11                                    0.6793586
0.12                                    0.6447026
0.13                                    0.7427849
0.14                                    0.6012992
0.15                                    0.6541557
0.16                                    0.6410612
0.17                                    0.6557287
0.18                                    0.694937
0.19                                    0.6949207
0.2                                     0.6342406
0.21                                    0.6595069
0.22                                    0.6345323
0.23                                    0.6926209
0.24                                    0.6761363
0.25                                    0.6212382
0.26                                    0.6852059
0.27                                    0.6238091
0.28                                    0.6921582
0.29                                    0.670704
0.3                                     0.6527584
0.31                                    0.5972291
0.32                                    0.6513164
0.33                                    0.6124407
0.34                                    0.6608271
0.35                                    0.6417758
0.36                                    0.7198271
0.37                                    0.6098331
0.38                                    0.6204355
0.39                                    0.6345471
0.4                                     0.6206081
0.41                                    0.6688323
0.42                                    0.6496841
0.43                                    0.6399315
0.44                                    0.6339155
0.45                                    0.6656572
0.46                                    0.697774
0.47                                    0.6829597
0.48                                    0.6896911
0.49                                    0.659625
0.5                                     0.7072316
0.51                                    0.708339
0.52                                    0.6792374
0.53                                    0.6118401
0.54                                    0.6408279
0.55                                    0.6395006
0.56                                    0.664741
0.57                                    0.6618361
0.58                                    0.6331355
0.59                                    0.6942085
0.6                                     0.654934
0.61                                    0.6489556
0.62                                    0.689681
0.63                                    0.6351885
0.64                                    0.7062952
0.65                                    0.6818856
0.66                                    0.6232425
0.67                                    0.6841628
0.68                                    0.6725119
0.69                                    0.6594061
0.7                                     0.7050607
0.71                                    0.627885
0.72                                    0.6818059
0.73                                    0.6404923
0.74                                    0.6978666
0.75                                    0.6262757
0.76                                    0.7384025
0.77                                    0.6498794
0.78                                    0.6547831
0.79                                    0.6361987
0.8                                     0.6523875
0.81                                    0.646527
0.82                                    0.6854768
0.83                                    0.7343661
0.84                                    0.6705077
0.85                                    0.6905912
0.86                                    0.6001622
0.87                                    0.6679013
0.88                                    0.6837498
0.89                                    0.6293759
0.9                                     0.6727945
0.91                                    0.6602712
0.92                                    0.6390884
0.93                                    0.6455621
0.94                                    0.7130098
0.95                                    0.6561446
0.96                                    0.6546106
0.97                                    0.596133
0.98                                    0.7350317
0.99                                    0.6502922
1.0                                     0.6516731


# Grain Sphericity Distribution (ratio)
--------------------------------------------------
Cumulative probability                  Value
--------------------------------------------------
0.01                                    0.6448243
0.02                                    0.6098157
0.03                                    0.6998554
0.04                                    0.6778045
0.05                                    0.6698697
0.06                                    0.7097624
0.07                                    0.623338
0.08                                    0.6421891
0.09                                    0.6434216
0.1                                     0.7195035
0.11                                    0.6562725
0.12                                    0.6413296
0.13                                    0.6368936
0.14                                    0.7109449
0.15                                    0.7112674
0.16                                    0.7232873
0.17                                    0.6530262
0.18                                    0.6802228
0.19                                    0.6754509
0.2                                     0.7252294
0.21                                    0.6854465
0.22                                    0.6676608
0.23                                    0.6681072
0.24                                    0.6446384
0.25                                    0.6403905
0.26                                    0.7035088
0.27                                    0.6783934
0.28                                    0.6748228
0.29                                    0.7375109
0.3                                     0.7017208
0.31                                    0.6744794
0.32                                    0.6873519
0.33                                    0.6859789
0.34                                    0.7043423
0.35                                    0.7293358
0.36                                    0.70316
0.37                                    0.6738911
0.38                                    0.7291151
0.39                                    0.6785003
0.4                                     0.6904819
0.41                                    0.7409514
0.42                                    0.6995697
0.43                                    0.6390515
0.44                                    0.691792
0.45                                    0.6582738
0.46                                    0.6849051
0.47                                    0.6841374
0.48                                    0.7253929
0.49                                    0.66895
0.5                                     0.7171679
0.51                                    0.7067961
0.52                                    0.6810013
0.53                                    0.7188697
0.54                                    0.6663549
0.55                                    0.6644724
0.56                                    0.6985931
0.57                                    0.653526
0.58                                    0.6515955
0.59                                    0.6733511
0.6                                     0.6542318
0.61                                    0.7010976
0.62                                    0.8068919
0.63                                    0.7085864
0.64                                    0.6925464
0.65                                    0.6910972
0.66                                    0.6906219
0.67                                    0.698363
0.68                                    0.6912945
0.69                                    0.6769795
0.7                                     0.6764443
0.71                                    0.7263914
0.72                                    0.6422553
0.73                                    0.7050302
0.74                                    0.7053263
0.75                                    0.7909301
0.76                                    0.6680408
0.77                                    0.6720191
0.78                                    0.6587504
0.79                                    0.6493891
0.8                                     0.6935253
0.81                                    0.682843
0.82                                    0.7158129
0.83                                    0.6671022
0.84                                    0.7200711
0.85                                    0.7298864
0.86                                    0.7001899
0.87                                    0.6906016
0.88                                    0.7011362
0.89                                    0.7054022
0.9                                     0.6923812
0.91                                    0.694172
0.92                                    0.6459064
0.93                                    0.6490103
0.94                                    0.6592727
0.95                                    0.6851065
0.96                                    0.6797724
0.97                                    0.6633112
0.98                                    0.7118709
0.99                                    0.6841959
1.0                                     0.7121229


# Grain Radius Distribution (um)
--------------------------------------------------
Cumulative probability                  Value
--------------------------------------------------
0.01                                    156.5744446
0.02                                    189.4815492
0.03                                    133.7671433
0.04                                    167.6368699
0.05                                    158.528502
0.06                                    162.0007354
0.07                                    169.8878418
0.08                                    208.1279956
0.09                                    160.3139122
0.1                                     148.7911381
0.11                                    176.8426931
0.12                                    193.8580172
0.13                                    164.0986287
0.14                                    174.0441554
0.15                                    193.1277815
0.16                                    176.8356892
0.17                                    165.4537656
0.18                                    161.7484831
0.19                                    183.3951465
0.2                                     140.5888083
0.21                                    193.8825971
0.22                                    208.4043136
0.23                                    139.4150406
0.24                                    184.3762925
0.25                                    159.6465163
0.26                                    192.3257722
0.27                                    156.0384927
0.28                                    155.1203516
0.29                                    165.4416552
0.3                                     187.8259408
0.31                                    172.025232
0.32                                    221.3142674
0.33                                    148.9999538
0.34                                    147.6425444
0.35                                    163.2903272
0.36                                    209.3640228
0.37                                    166.275337
0.38                                    166.8786361
0.39                                    122.2635423
0.4                                     174.6797562
0.41                                    172.1904148
0.42                                    182.8751334
0.43                                    170.9106096
0.44                                    163.796275
0.45                                    178.448839
0.46                                    185.4139147
0.47                                    155.5078062
0.48                                    158.8682389
0.49                                    166.4752189
0.5                                     165.4311106
0.51                                    137.9712871
0.52                                    198.644855
0.53                                    172.7741156
0.54                                    168.9069097
0.55                                    172.2035045
0.56                                    177.4688049
0.57                                    174.1449812
0.58                                    179.1321988
0.59                                    163.6922586
0.6                                     160.7408812
0.61                                    183.8719206
0.62                                    168.643385
0.63                                    155.2383207
0.64                                    161.4099193
0.65                                    153.139777
0.66                                    184.1531051
0.67                                    158.6518365
0.68                                    149.6974939
0.69                                    167.0238316
0.7                                     179.7431648
0.71                                    181.4595218
0.72                                    147.5762902
0.73                                    154.2403591
0.74                                    160.5954894
0.75                                    187.8131575
0.76                                    153.7374656
0.77                                    161.5366433
0.78                                    140.9950709
0.79                                    210.2239116
0.8                                     177.2659038
0.81                                    191.9109599
0.82                                    168.6539971
0.83                                    198.3559625
0.84                                    171.2244922
0.85                                    157.0852438
0.86                                    201.6156219
0.87                                    159.267744
0.88                                    184.0367031
0.89                                    175.2005547
0.9                                     161.407987
0.91                                    168.0604245
0.92                                    172.6639146
0.93                                    151.1577603
0.94                                    195.1313638
0.95                                    177.5485103
0.96                                    178.2421971
0.97                                    196.4124209
0.98                                    165.1058842
0.99                                    170.8133557
1.0                                     176.022425
