DeePore output results including 15 single-value
paramters, 4 functions and 11 distributions
__________________________________________________
        ### Single-value parameters ###
__________________________________________________

Properties                              Value
--------------------------------------------------
Absolute Permeability (um2)             4.495556
Formation Factor (ratio)                8.7240294
Cementation Factor (ratio)              2.1021358
pore density (1/um3)                    1.3e-06
Tortuosity (ratio)                      1.3257821
Average Coordination Number             4.684594
Average Throat Radius (um)              18.8479775
Average Pore Radius (um)                32.4849643
Average Throat Length (um)              89.9453545
Pore to Throat Aspect ratio             3.5530294
Specific Surface (1/um)                 0.0223268
Pore Sphericity (ratio)                 0.7799549
Grain Sphericity (ratio)                0.8150237
Average Grain Radius (um)               45.1282749
Relative Young Module (ratio)           0.0937833

__________________________________________________
       ### Functions and distributions ###
__________________________________________________


# Leveret J Function (ratio)
--------------------------------------------------
Wetting-sat (Sw)                        Value
--------------------------------------------------
0.01                                    1.7031304
0.02                                    2.0609612
0.03                                    1.8481967
0.04                                    1.8269927
0.05                                    1.7638771
0.06                                    1.8362987
0.07                                    1.8543677
0.08                                    1.7253175
0.09                                    1.8721731
0.1                                     1.9676414
0.11                                    1.8763727
0.12                                    1.7157459
0.13                                    1.9890798
0.14                                    1.8017618
0.15                                    1.6183377
0.16                                    2.1485288
0.17                                    1.837351
0.18                                    1.7697754
0.19                                    1.6951885
0.2                                     2.0022068
0.21                                    1.6133491
0.22                                    1.6862653
0.23                                    1.5164001
0.24                                    1.8143957
0.25                                    2.0367001
0.26                                    1.722267
0.27                                    2.019197
0.28                                    1.7390336
0.29                                    1.9055311
0.3                                     1.7257804
0.31                                    1.6031479
0.32                                    1.8339348
0.33                                    1.6957644
0.34                                    1.8844336
0.35                                    2.1099561
0.36                                    1.8164513
0.37                                    1.5994946
0.38                                    1.6720543
0.39                                    1.8190755
0.4                                     1.6448115
0.41                                    1.6353311
0.42                                    1.7589571
0.43                                    1.6808686
0.44                                    1.3066851
0.45                                    1.3684452
0.46                                    1.425311
0.47                                    1.7017348
0.48                                    1.7467752
0.49                                    1.6112122
0.5                                     1.5179413
0.51                                    1.5416596
0.52                                    1.9944923
0.53                                    2.0676595
0.54                                    1.7925622
0.55                                    1.6515808
0.56                                    1.7190997
0.57                                    1.8382496
0.58                                    1.6441403
0.59                                    1.6500073
0.6                                     1.5140325
0.61                                    1.742515
0.62                                    1.9448043
0.63                                    1.5635778
0.64                                    1.5467111
0.65                                    1.5725318
0.66                                    1.2429877
0.67                                    1.4004166
0.68                                    1.7814164
0.69                                    1.8783292
0.7                                     1.7435764
0.71                                    1.7261107
0.72                                    2.0135318
0.73                                    2.0303942
0.74                                    1.6781322
0.75                                    1.9337011
0.76                                    1.7597817
0.77                                    1.5855111
0.78                                    1.7363999
0.79                                    2.0129637
0.8                                     2.0558527
0.81                                    1.4987554
0.82                                    1.3158354
0.83                                    1.7280801
0.84                                    1.7082652
0.85                                    1.9403048
0.86                                    1.735875
0.87                                    1.7027936
0.88                                    1.7046713
0.89                                    2.1567684
0.9                                     1.745932
0.91                                    1.8722852
0.92                                    2.1997138
0.93                                    2.0112504
0.94                                    1.7086873
0.95                                    1.4909759
0.96                                    1.810986
0.97                                    1.6900453
0.98                                    1.6490943
0.99                                    1.3482
1.0                                     1.3400954


# Wetting Relative Permeability (fraction)
--------------------------------------------------
Wetting-sat (Sw)                        Value
--------------------------------------------------
0.01                                    0.2531479
0.02                                    0.240818
0.03                                    0.2910361
0.04                                    0.323509
0.05                                    0.2427951
0.06                                    0.218577
0.07                                    0.2559151
0.08                                    0.2979241
0.09                                    0.3024409
0.1                                     0.2286051
0.11                                    0.2598037
0.12                                    0.2516194
0.13                                    0.2948262
0.14                                    0.2406644
0.15                                    0.2438902
0.16                                    0.314187
0.17                                    0.2037574
0.18                                    0.2455724
0.19                                    0.2905226
0.2                                     0.3221304
0.21                                    0.2651305
0.22                                    0.2835726
0.23                                    0.2785924
0.24                                    0.2672056
0.25                                    0.3115521
0.26                                    0.2417394
0.27                                    0.24802
0.28                                    0.3397339
0.29                                    0.2979507
0.3                                     0.2891546
0.31                                    0.3003057
0.32                                    0.2437114
0.33                                    0.3553745
0.34                                    0.2933827
0.35                                    0.2589773
0.36                                    0.3221703
0.37                                    0.3378239
0.38                                    0.3368811
0.39                                    0.2735569
0.4                                     0.2618446
0.41                                    0.2218669
0.42                                    0.295691
0.43                                    0.3113006
0.44                                    0.3359125
0.45                                    0.3602028
0.46                                    0.3230275
0.47                                    0.338765
0.48                                    0.2865985
0.49                                    0.3544059
0.5                                     0.3653362
0.51                                    0.3433761
0.52                                    0.3518345
0.53                                    0.3773772
0.54                                    0.2769073
0.55                                    0.3568627
0.56                                    0.3358251
0.57                                    0.319821
0.58                                    0.3171658
0.59                                    0.4072957
0.6                                     0.3524715
0.61                                    0.3673705
0.62                                    0.4546375
0.63                                    0.4071454
0.64                                    0.448943
0.65                                    0.377008
0.66                                    0.3523847
0.67                                    0.402731
0.68                                    0.4000705
0.69                                    0.3448308
0.7                                     0.3966906
0.71                                    0.3532318
0.72                                    0.4251791
0.73                                    0.4405691
0.74                                    0.5257692
0.75                                    0.5201121
0.76                                    0.5262032
0.77                                    0.4470945
0.78                                    0.4994465
0.79                                    0.4898914
0.8                                     0.5583473
0.81                                    0.4567325
0.82                                    0.4705611
0.83                                    0.5942654
0.84                                    0.5062721
0.85                                    0.4473926
0.86                                    0.4424366
0.87                                    0.5264811
0.88                                    0.5221664
0.89                                    0.584818
0.9                                     0.5042886
0.91                                    0.5569094
0.92                                    0.5375746
0.93                                    0.5592412
0.94                                    0.5467838
0.95                                    0.5830473
0.96                                    0.6419577
0.97                                    0.6112673
0.98                                    0.5791452
0.99                                    0.5589069
1.0                                     0.7499623


# Non-Wetting Relative Permeability (fraction)
--------------------------------------------------
Wetting-sat (Sw)                        Value
--------------------------------------------------
0.01                                    0.7781275
0.02                                    0.7078145
0.03                                    0.6889417
0.04                                    0.7164562
0.05                                    0.7553618
0.06                                    0.5759504
0.07                                    0.6813152
0.08                                    0.6536502
0.09                                    0.648975
0.1                                     0.6697972
0.11                                    0.5941648
0.12                                    0.6693453
0.13                                    0.608649
0.14                                    0.5767117
0.15                                    0.5870858
0.16                                    0.6044358
0.17                                    0.6218546
0.18                                    0.5881924
0.19                                    0.5913583
0.2                                     0.5790742
0.21                                    0.5929493
0.22                                    0.4845434
0.23                                    0.4973404
0.24                                    0.5049435
0.25                                    0.569715
0.26                                    0.4737044
0.27                                    0.5644133
0.28                                    0.4624998
0.29                                    0.4800868
0.3                                     0.5259108
0.31                                    0.4938069
0.32                                    0.515164
0.33                                    0.5310646
0.34                                    0.5443797
0.35                                    0.5283678
0.36                                    0.4717889
0.37                                    0.563944
0.38                                    0.5312051
0.39                                    0.4601939
0.4                                     0.4669148
0.41                                    0.5064047
0.42                                    0.5576329
0.43                                    0.5293707
0.44                                    0.4341487
0.45                                    0.4701793
0.46                                    0.4565734
0.47                                    0.4848346
0.48                                    0.4467862
0.49                                    0.4447218
0.5                                     0.4082049
0.51                                    0.4647742
0.52                                    0.4848257
0.53                                    0.5025048
0.54                                    0.4224147
0.55                                    0.5033159
0.56                                    0.4800938
0.57                                    0.4491212
0.58                                    0.4289326
0.59                                    0.4758135
0.6                                     0.4270454
0.61                                    0.500047
0.62                                    0.4089037
0.63                                    0.4826929
0.64                                    0.3558953
0.65                                    0.4685677
0.66                                    0.4574095
0.67                                    0.4691229
0.68                                    0.4168751
0.69                                    0.4064572
0.7                                     0.4822827
0.71                                    0.4477317
0.72                                    0.5021369
0.73                                    0.4257558
0.74                                    0.4543603
0.75                                    0.3959009
0.76                                    0.4061642
0.77                                    0.5262781
0.78                                    0.4413048
0.79                                    0.4869271
0.8                                     0.4062616
0.81                                    0.3289257
0.82                                    0.4007337
0.83                                    0.3794973
0.84                                    0.3877592
0.85                                    0.3486491
0.86                                    0.3798252
0.87                                    0.3411963
0.88                                    0.2785761
0.89                                    0.3686183
0.9                                     0.315037
0.91                                    0.3057657
0.92                                    0.3143514
0.93                                    0.2720439
0.94                                    0.3198324
0.95                                    0.269529
0.96                                    0.283214
0.97                                    0.3452383
0.98                                    0.2925726
0.99                                    0.2759846
1.0                                     0.2619871


# Two-point Correlation Function (1/um)
--------------------------------------------------
lag (px)                                Value
--------------------------------------------------
0.5                                     0.062325
1.0                                     0.0640739
1.5                                     0.0633107
2.0                                     0.0595408
2.5                                     0.0595713
3.0                                     0.0645813
3.5                                     0.0631594
4.0                                     0.0596306
4.5                                     0.0584202
5.0                                     0.0619192
5.5                                     0.0580531
6.0                                     0.0592236
6.5                                     0.0594566
7.0                                     0.0554047
7.5                                     0.0520055
8.0                                     0.0544075
8.5                                     0.0514761
9.0                                     0.0589013
9.5                                     0.0555476
10.0                                    0.0528627
10.5                                    0.062674
11.0                                    0.0493666
11.5                                    0.0581861
12.0                                    0.0524882
12.5                                    0.0539396
13.0                                    0.0517068
13.5                                    0.0578125
14.0                                    0.0581886
14.5                                    0.0516945
15.0                                    0.0471952
15.5                                    0.048567
16.0                                    0.0517021
16.5                                    0.051845
17.0                                    0.0502562
17.5                                    0.047865
18.0                                    0.0472913
18.5                                    0.0506291
19.0                                    0.0467149
19.5                                    0.0506367
20.0                                    0.0526124
20.5                                    0.0487214
21.0                                    0.0495092
21.5                                    0.0508664
22.0                                    0.0473889
22.5                                    0.0477877
23.0                                    0.0451375
23.5                                    0.0448805
24.0                                    0.0468137
24.5                                    0.0485365
25.0                                    0.0490365
25.5                                    0.0489114
26.0                                    0.0481848
26.5                                    0.0476798
27.0                                    0.0449268
27.5                                    0.0522634
28.0                                    0.0516009
28.5                                    0.0431373
29.0                                    0.053092
29.5                                    0.0456946
30.0                                    0.0425351
30.5                                    0.0515686
31.0                                    0.0489045
31.5                                    0.0513911
32.0                                    0.0463179
32.5                                    0.0480606
33.0                                    0.0486131
33.5                                    0.0501115
34.0                                    0.0502943
34.5                                    0.0453276
35.0                                    0.0486467
35.5                                    0.0444768
36.0                                    0.0519533
36.5                                    0.05072
37.0                                    0.0509061
37.5                                    0.0503342
38.0                                    0.0421203
38.5                                    0.0434471
39.0                                    0.0381855
39.5                                    0.0461031
40.0                                    0.053485
40.5                                    0.0468924
41.0                                    0.052412
41.5                                    0.0520523
42.0                                    0.0447853
42.5                                    0.0534933
43.0                                    0.0440395
43.5                                    0.046371
44.0                                    0.0516223
44.5                                    0.0442086
45.0                                    0.0463691
45.5                                    0.0507031
46.0                                    0.0429719
46.5                                    0.046159
47.0                                    0.0505392
47.5                                    0.0456922
48.0                                    0.0447298
48.5                                    0.0470208
49.0                                    0.044553
49.5                                    0.0439673
50.0                                    0.0460664


# Pore Radius Distribution (um)
--------------------------------------------------
Cumulative probability                  Value
--------------------------------------------------
0.01                                    86.5097534
0.02                                    86.1418353
0.03                                    77.4608245
0.04                                    77.1242332
0.05                                    93.6968275
0.06                                    79.5924671
0.07                                    89.0325089
0.08                                    82.2117359
0.09                                    97.419976
0.1                                     84.959038
0.11                                    107.9153953
0.12                                    100.7781972
0.13                                    106.7272207
0.14                                    85.0493641
0.15                                    101.8389464
0.16                                    93.9267441
0.17                                    90.3845742
0.18                                    80.7534817
0.19                                    103.1402024
0.2                                     108.8318968
0.21                                    106.0482754
0.22                                    127.8595257
0.23                                    98.2739016
0.24                                    89.1450712
0.25                                    113.1016583
0.26                                    112.8766029
0.27                                    108.2570578
0.28                                    102.1208927
0.29                                    104.3690965
0.3                                     106.5420721
0.31                                    104.3726232
0.32                                    92.3889663
0.33                                    107.4125805
0.34                                    110.4311181
0.35                                    105.6435235
0.36                                    95.6000284
0.37                                    98.4130862
0.38                                    92.9500869
0.39                                    118.2930564
0.4                                     85.2819339
0.41                                    88.8738741
0.42                                    114.6857864
0.43                                    106.4455456
0.44                                    114.252584
0.45                                    105.7462831
0.46                                    122.5382623
0.47                                    89.6030825
0.48                                    111.6213091
0.49                                    101.0315049
0.5                                     123.5966044
0.51                                    100.1053176
0.52                                    105.8502388
0.53                                    113.3743901
0.54                                    122.9100484
0.55                                    105.0456496
0.56                                    105.9159617
0.57                                    108.2606377
0.58                                    119.8464548
0.59                                    111.2934988
0.6                                     119.6248887
0.61                                    86.3883451
0.62                                    116.2364859
0.63                                    109.252187
0.64                                    108.8748355
0.65                                    94.7734537
0.66                                    107.8917077
0.67                                    119.6898597
0.68                                    96.1157115
0.69                                    103.1185853
0.7                                     105.5096593
0.71                                    105.2958684
0.72                                    107.6559621
0.73                                    97.5636888
0.74                                    116.0287251
0.75                                    109.8031617
0.76                                    121.757559
0.77                                    114.2129634
0.78                                    96.4323939
0.79                                    93.2501611
0.8                                     104.7639689
0.81                                    100.5767434
0.82                                    111.0729314
0.83                                    106.8693642
0.84                                    96.6287696
0.85                                    117.4159435
0.86                                    111.9451148
0.87                                    104.9949974
0.88                                    106.3217768
0.89                                    122.7432296
0.9                                     101.8965771
0.91                                    112.6625931
0.92                                    113.1732093
0.93                                    124.3989677
0.94                                    136.0074962
0.95                                    108.9762596
0.96                                    114.7877248
0.97                                    122.1687113
0.98                                    111.6631152
0.99                                    136.7933477
1.0                                     117.1891599


# Throat Radius Distribution (um)
--------------------------------------------------
Cumulative probability                  Value
--------------------------------------------------
0.01                                    61.9999143
0.02                                    105.2797612
0.03                                    85.0261746
0.04                                    98.6233905
0.05                                    101.7059425
0.06                                    87.2846806
0.07                                    97.978093
0.08                                    69.3293626
0.09                                    90.681103
0.1                                     97.4638105
0.11                                    89.4972761
0.12                                    108.3050715
0.13                                    89.6386606
0.14                                    90.1398281
0.15                                    72.254782
0.16                                    100.8971898
0.17                                    97.2695932
0.18                                    99.5551528
0.19                                    121.1237987
0.2                                     114.4016477
0.21                                    112.7475374
0.22                                    89.7935457
0.23                                    85.2515896
0.24                                    97.9682894
0.25                                    94.0322352
0.26                                    87.5707109
0.27                                    113.7774592
0.28                                    100.6906192
0.29                                    118.3675642
0.3                                     113.0193891
0.31                                    92.1923804
0.32                                    88.9609873
0.33                                    102.2297434
0.34                                    106.2265057
0.35                                    76.0714785
0.36                                    122.609875
0.37                                    85.2902269
0.38                                    99.4351229
0.39                                    88.8417213
0.4                                     106.9242071
0.41                                    81.3044609
0.42                                    123.2174315
0.43                                    133.6489304
0.44                                    118.9208993
0.45                                    91.7902843
0.46                                    84.502647
0.47                                    90.6202829
0.48                                    109.4068041
0.49                                    98.5254913
0.5                                     120.1945645
0.51                                    127.8358587
0.52                                    113.4996798
0.53                                    107.2176397
0.54                                    80.4021977
0.55                                    114.3274931
0.56                                    128.1020182
0.57                                    101.2905245
0.58                                    108.6252475
0.59                                    120.6612967
0.6                                     95.3967119
0.61                                    102.1014432
0.62                                    94.0127921
0.63                                    152.7347723
0.64                                    116.2307551
0.65                                    113.3631423
0.66                                    118.9810981
0.67                                    126.8210639
0.68                                    116.1054256
0.69                                    118.0440305
0.7                                     114.0261955
0.71                                    134.9515968
0.72                                    120.2948695
0.73                                    117.2031759
0.74                                    116.9659112
0.75                                    115.4673583
0.76                                    96.929991
0.77                                    103.1392289
0.78                                    121.2345275
0.79                                    121.5769939
0.8                                     131.6374995
0.81                                    109.5899209
0.82                                    125.4821288
0.83                                    115.6096979
0.84                                    115.8045263
0.85                                    95.5090126
0.86                                    117.2735269
0.87                                    103.6375583
0.88                                    134.7904467
0.89                                    116.4763115
0.9                                     107.1780518
0.91                                    127.3161658
0.92                                    137.0906557
0.93                                    119.5910888
0.94                                    109.9010618
0.95                                    137.8120587
0.96                                    125.8219528
0.97                                    137.6579057
0.98                                    127.1255279
0.99                                    127.6417727
1.0                                     140.5642984


# Throat Lenght Distribution (um)
--------------------------------------------------
Cumulative probability                  Value
--------------------------------------------------
0.01                                    239.8318808
0.02                                    228.053117
0.03                                    249.0550947
0.04                                    270.6309276
0.05                                    220.9997276
0.06                                    249.9625317
0.07                                    247.537109
0.08                                    240.4941779
0.09                                    277.6707175
0.1                                     289.0951478
0.11                                    241.3541476
0.12                                    263.3171899
0.13                                    286.3505073
0.14                                    323.4684844
0.15                                    288.6970537
0.16                                    283.4474462
0.17                                    242.334949
0.18                                    314.5502862
0.19                                    262.6521638
0.2                                     252.8291239
0.21                                    252.9111385
0.22                                    269.1067221
0.23                                    296.202591
0.24                                    328.5361338
0.25                                    207.7146601
0.26                                    275.5667554
0.27                                    281.9243891
0.28                                    231.5432702
0.29                                    240.5465091
0.3                                     253.5122324
0.31                                    254.6334913
0.32                                    310.6057663
0.33                                    291.5779588
0.34                                    290.6392038
0.35                                    325.7807735
0.36                                    325.4028285
0.37                                    249.4333723
0.38                                    335.7858625
0.39                                    282.1070722
0.4                                     379.9359856
0.41                                    280.8593189
0.42                                    295.1036586
0.43                                    304.1262975
0.44                                    322.935712
0.45                                    272.2538969
0.46                                    205.6287961
0.47                                    335.3294278
0.48                                    297.2556878
0.49                                    330.2196127
0.5                                     328.4746719
0.51                                    294.9387594
0.52                                    340.6369837
0.53                                    305.8701638
0.54                                    263.7939072
0.55                                    131.1796666
0.56                                    288.4490114
0.57                                    324.268044
0.58                                    311.4625636
0.59                                    314.6987858
0.6                                     325.2414913
0.61                                    301.9114788
0.62                                    258.5544709
0.63                                    357.2463246
0.64                                    311.8509413
0.65                                    322.9785656
0.66                                    306.4029448
0.67                                    281.4836546
0.68                                    327.2365894
0.69                                    360.9904542
0.7                                     268.1861177
0.71                                    247.4643858
0.72                                    321.9284366
0.73                                    344.1524384
0.74                                    306.3508638
0.75                                    264.1694729
0.76                                    310.754644
0.77                                    321.7164738
0.78                                    317.8975357
0.79                                    298.8966741
0.8                                     293.7022917
0.81                                    320.6467671
0.82                                    341.8714303
0.83                                    338.4155245
0.84                                    307.9010174
0.85                                    314.5984188
0.86                                    371.6906735
0.87                                    344.6471102
0.88                                    316.0834547
0.89                                    297.3820485
0.9                                     331.0487505
0.91                                    328.2292903
0.92                                    309.1160683
0.93                                    338.0970657
0.94                                    346.6191342
0.95                                    298.85504
0.96                                    281.6858926
0.97                                    345.5346881
0.98                                    368.727532
0.99                                    268.3700231
1.0                                     290.8696328


# Pore Inscribed Radius Distribution (um)
--------------------------------------------------
Cumulative probability                  Value
--------------------------------------------------
0.01                                    76.8479138
0.02                                    61.4612927
0.03                                    65.6072658
0.04                                    62.9860559
0.05                                    82.8644354
0.06                                    64.4857051
0.07                                    78.0299752
0.08                                    71.2602876
0.09                                    84.7593043
0.1                                     69.7400491
0.11                                    79.2563162
0.12                                    89.9400501
0.13                                    81.6843674
0.14                                    77.0417043
0.15                                    75.7266036
0.16                                    89.9460853
0.17                                    91.4706227
0.18                                    78.6350164
0.19                                    88.9914704
0.2                                     52.5570105
0.21                                    77.9725595
0.22                                    89.3419409
0.23                                    99.5135533
0.24                                    71.7009671
0.25                                    95.764852
0.26                                    85.2915823
0.27                                    95.3159575
0.28                                    86.7295763
0.29                                    88.389867
0.3                                     81.4322086
0.31                                    81.4795308
0.32                                    88.2790639
0.33                                    89.2315697
0.34                                    95.0465177
0.35                                    83.1589578
0.36                                    81.1448063
0.37                                    112.4384442
0.38                                    95.5766832
0.39                                    98.5108134
0.4                                     89.2654188
0.41                                    75.381065
0.42                                    82.4535391
0.43                                    65.9279065
0.44                                    100.4649891
0.45                                    99.9586032
0.46                                    81.1966403
0.47                                    95.0622038
0.48                                    97.8152037
0.49                                    97.0774859
0.5                                     91.421298
0.51                                    82.7482952
0.52                                    89.0075185
0.53                                    88.8578479
0.54                                    92.7679573
0.55                                    94.0253029
0.56                                    100.7312633
0.57                                    100.8304311
0.58                                    88.2602762
0.59                                    95.4763257
0.6                                     83.4729684
0.61                                    94.2368569
0.62                                    91.0289847
0.63                                    76.4655136
0.64                                    90.9424206
0.65                                    102.3967621
0.66                                    88.7105992
0.67                                    91.8059978
0.68                                    110.5426269
0.69                                    95.9276072
0.7                                     100.9658199
0.71                                    101.848432
0.72                                    104.3505943
0.73                                    99.5205951
0.74                                    85.6968927
0.75                                    87.9012147
0.76                                    94.1685165
0.77                                    87.1849619
0.78                                    94.1121665
0.79                                    99.2519132
0.8                                     93.745613
0.81                                    99.3645183
0.82                                    87.677948
0.83                                    107.1992161
0.84                                    77.8284307
0.85                                    92.7172615
0.86                                    101.7967752
0.87                                    93.6019468
0.88                                    108.5909496
0.89                                    98.6955261
0.9                                     96.8590838
0.91                                    93.8825393
0.92                                    90.2343412
0.93                                    81.0142679
0.94                                    110.5460971
0.95                                    110.500057
0.96                                    106.7316578
0.97                                    86.5008802
0.98                                    103.570948
0.99                                    92.1037058
1.0                                     100.082638


# Throat Inscribed Radius Distribution (um)
--------------------------------------------------
Cumulative probability                  Value
--------------------------------------------------
0.01                                    65.610612
0.02                                    62.0012657
0.03                                    56.210817
0.04                                    67.4503585
0.05                                    61.5181778
0.06                                    70.1051723
0.07                                    66.2895717
0.08                                    62.0170968
0.09                                    55.855285
0.1                                     80.3570664
0.11                                    56.22209
0.12                                    71.3125748
0.13                                    75.990525
0.14                                    76.7844453
0.15                                    65.2076947
0.16                                    66.7050879
0.17                                    83.2327004
0.18                                    76.1461875
0.19                                    63.8722592
0.2                                     75.0350337
0.21                                    65.4131367
0.22                                    60.8899417
0.23                                    60.9772393
0.24                                    73.09521
0.25                                    47.8175117
0.26                                    65.349524
0.27                                    61.3576897
0.28                                    64.7109708
0.29                                    73.0208449
0.3                                     65.9981402
0.31                                    65.1309277
0.32                                    67.4614385
0.33                                    54.9400033
0.34                                    77.3360054
0.35                                    73.391677
0.36                                    65.6949196
0.37                                    66.6003076
0.38                                    69.7795427
0.39                                    69.7984556
0.4                                     73.3119495
0.41                                    76.1621069
0.42                                    65.9806083
0.43                                    82.5844741
0.44                                    63.806031
0.45                                    89.6017054
0.46                                    73.4946974
0.47                                    60.4305933
0.48                                    71.7649896
0.49                                    70.5915771
0.5                                     66.6008733
0.51                                    88.6727354
0.52                                    68.3370203
0.53                                    88.1366685
0.54                                    84.5838945
0.55                                    97.3061554
0.56                                    73.2183107
0.57                                    75.8110093
0.58                                    84.8111154
0.59                                    75.363411
0.6                                     96.7350877
0.61                                    71.1377315
0.62                                    83.65385
0.63                                    84.1598121
0.64                                    79.2607314
0.65                                    95.0084207
0.66                                    79.3005715
0.67                                    82.633688
0.68                                    92.3850091
0.69                                    75.9235515
0.7                                     81.4796548
0.71                                    81.5639001
0.72                                    83.9713088
0.73                                    87.0681387
0.74                                    89.2609915
0.75                                    83.2413013
0.76                                    92.702605
0.77                                    68.3952502
0.78                                    100.9122727
0.79                                    89.2262144
0.8                                     80.3947937
0.81                                    92.8886434
0.82                                    89.7536521
0.83                                    70.2041278
0.84                                    85.3741407
0.85                                    94.8425029
0.86                                    88.4534143
0.87                                    75.8629898
0.88                                    78.330857
0.89                                    81.0693332
0.9                                     77.2484317
0.91                                    89.1648492
0.92                                    86.2934164
0.93                                    87.7567431
0.94                                    97.2750367
0.95                                    84.0076047
0.96                                    89.5797202
0.97                                    93.4420137
0.98                                    86.0668053
0.99                                    103.1276416
1.0                                     80.8199349


# Throat Average Distance (um)
--------------------------------------------------
Cumulative probability                  Value
--------------------------------------------------
0.01                                    45.3169528
0.02                                    44.2090597
0.03                                    48.4339633
0.04                                    41.935953
0.05                                    48.879561
0.06                                    47.9987759
0.07                                    47.9738168
0.08                                    46.8142758
0.09                                    45.4803937
0.1                                     54.0998777
0.11                                    58.2811144
0.12                                    62.0148641
0.13                                    40.3928066
0.14                                    49.5035001
0.15                                    54.7937776
0.16                                    53.8523815
0.17                                    41.2427886
0.18                                    55.9600162
0.19                                    50.057173
0.2                                     46.78065
0.21                                    47.7088023
0.22                                    46.6133749
0.23                                    49.6345065
0.24                                    42.3677514
0.25                                    47.4028934
0.26                                    53.1223054
0.27                                    52.063521
0.28                                    55.3131826
0.29                                    58.7163076
0.3                                     46.4122911
0.31                                    50.6109833
0.32                                    44.5828645
0.33                                    60.2466189
0.34                                    48.0932117
0.35                                    50.9787013
0.36                                    51.2422928
0.37                                    45.9853424
0.38                                    52.4969451
0.39                                    52.3958344
0.4                                     52.5879253
0.41                                    52.5068423
0.42                                    45.6387986
0.43                                    54.6612539
0.44                                    57.4789886
0.45                                    44.4304389
0.46                                    48.4515369
0.47                                    54.5376677
0.48                                    58.3274269
0.49                                    42.3093161
0.5                                     52.0190734
0.51                                    53.8411801
0.52                                    58.4767876
0.53                                    47.3142386
0.54                                    43.5919744
0.55                                    56.8380119
0.56                                    53.4412643
0.57                                    54.5820614
0.58                                    43.9266123
0.59                                    52.8390852
0.6                                     63.0445553
0.61                                    55.1712317
0.62                                    55.5197704
0.63                                    42.3608881
0.64                                    46.1805151
0.65                                    46.5528495
0.66                                    56.275656
0.67                                    42.3399919
0.68                                    56.7816326
0.69                                    63.873202
0.7                                     50.9823799
0.71                                    50.4122571
0.72                                    60.6503457
0.73                                    53.9645571
0.74                                    61.541971
0.75                                    50.7537872
0.76                                    49.2610554
0.77                                    61.1051085
0.78                                    57.1233926
0.79                                    62.309696
0.8                                     59.143618
0.81                                    53.5487071
0.82                                    47.0486208
0.83                                    66.6129298
0.84                                    66.3051201
0.85                                    66.8484314
0.86                                    45.4408018
0.87                                    69.0454309
0.88                                    53.815702
0.89                                    56.0467549
0.9                                     55.6416827
0.91                                    62.2523106
0.92                                    66.971563
0.93                                    69.5475409
0.94                                    69.4828557
0.95                                    62.4107459
0.96                                    63.7924119
0.97                                    57.7100056
0.98                                    52.3174142
0.99                                    52.993091
1.0                                     68.8115047


# Throat Permeability Distribution (um2)
--------------------------------------------------
Cumulative probability                  Value
--------------------------------------------------
0.01                                    10036.5646538
0.02                                    9114.7942991
0.03                                    10157.9138861
0.04                                    8618.6856405
0.05                                    9963.3373808
0.06                                    10135.7967513
0.07                                    10912.2460687
0.08                                    10877.7714502
0.09                                    9908.9769014
0.1                                     9749.5415742
0.11                                    9722.4872389
0.12                                    6778.9145428
0.13                                    11217.8405013
0.14                                    8812.8530029
0.15                                    8323.3380836
0.16                                    8971.1937696
0.17                                    7657.072816
0.18                                    7808.7863182
0.19                                    9168.98592
0.2                                     8475.219335
0.21                                    11117.6407338
0.22                                    7769.7069779
0.23                                    8579.7870527
0.24                                    9433.1223261
0.25                                    9108.5878867
0.26                                    7646.9994208
0.27                                    10135.0042256
0.28                                    10504.5034634
0.29                                    8385.2848081
0.3                                     8201.1938606
0.31                                    9989.6801686
0.32                                    9022.7515678
0.33                                    10254.1139259
0.34                                    9607.9767756
0.35                                    10299.2922008
0.36                                    9352.921567
0.37                                    10176.9377059
0.38                                    10830.1342505
0.39                                    7750.1165577
0.4                                     11757.4884598
0.41                                    12943.6694617
0.42                                    10150.0301665
0.43                                    9931.3105942
0.44                                    7494.0761768
0.45                                    8842.6830268
0.46                                    9629.5976883
0.47                                    8242.7896239
0.48                                    9295.7784968
0.49                                    12167.2037514
0.5                                     9150.1755151
0.51                                    11992.1910433
0.52                                    8232.0316739
0.53                                    6158.2813111
0.54                                    9492.1609253
0.55                                    9630.2922267
0.56                                    11796.693951
0.57                                    9008.9103479
0.58                                    11111.0183995
0.59                                    7732.541285
0.6                                     7857.9278992
0.61                                    11369.1483118
0.62                                    10261.0382334
0.63                                    11785.7567275
0.64                                    8693.0581316
0.65                                    10762.7325955
0.66                                    9594.05618
0.67                                    10527.4009217
0.68                                    8983.4466103
0.69                                    7469.9576375
0.7                                     9127.6796196
0.71                                    9069.6731526
0.72                                    9769.2036051
0.73                                    7030.8789015
0.74                                    9646.8583543
0.75                                    9659.513374
0.76                                    11164.3204935
0.77                                    9176.0026067
0.78                                    10450.6451224
0.79                                    11538.8849931
0.8                                     9823.1328175
0.81                                    8802.3323792
0.82                                    9790.5190935
0.83                                    9485.2685406
0.84                                    10346.1130868
0.85                                    6015.4989441
0.86                                    11033.5655967
0.87                                    13954.9691445
0.88                                    10331.0456092
0.89                                    12460.8109565
0.9                                     11602.062351
0.91                                    10417.1778619
0.92                                    11578.3654648
0.93                                    10982.6372586
0.94                                    8862.6986745
0.95                                    8001.3913081
0.96                                    8228.3116103
0.97                                    8110.5431026
0.98                                    9596.0628845
0.99                                    9944.0531245
1.0                                     11132.648926


# Coordination Number Distribution
--------------------------------------------------
Cumulative probability                  Value
--------------------------------------------------
0.01                                    16.0590043
0.02                                    22.2272073
0.03                                    17.9634945
0.04                                    18.3359711
0.05                                    27.5031517
0.06                                    22.8354746
0.07                                    24.9654028
0.08                                    22.7557264
0.09                                    23.001365
0.1                                     19.6480578
0.11                                    27.64724
0.12                                    29.7049291
0.13                                    19.1698504
0.14                                    23.5199658
0.15                                    20.1848893
0.16                                    22.3710914
0.17                                    18.637068
0.18                                    27.362229
0.19                                    26.4454224
0.2                                     26.5365673
0.21                                    30.2887691
0.22                                    18.5969124
0.23                                    20.363473
0.24                                    27.1117967
0.25                                    23.30223
0.26                                    27.5564275
0.27                                    27.9374782
0.28                                    26.57775
0.29                                    22.3145561
0.3                                     26.5733959
0.31                                    20.635948
0.32                                    24.5431661
0.33                                    27.376549
0.34                                    22.1613736
0.35                                    27.4838285
0.36                                    25.1386664
0.37                                    24.8023017
0.38                                    23.3760204
0.39                                    25.5595988
0.4                                     30.3390359
0.41                                    22.1290106
0.42                                    29.6551726
0.43                                    24.750016
0.44                                    25.1444263
0.45                                    26.3928843
0.46                                    26.5123712
0.47                                    26.4380114
0.48                                    24.4565256
0.49                                    29.9714479
0.5                                     25.8747657
0.51                                    27.9736427
0.52                                    25.6918001
0.53                                    21.2346326
0.54                                    29.0513179
0.55                                    24.6367905
0.56                                    19.216354
0.57                                    32.1564858
0.58                                    27.1544058
0.59                                    29.4224155
0.6                                     23.6367299
0.61                                    24.4916001
0.62                                    27.747389
0.63                                    14.8854837
0.64                                    34.0245482
0.65                                    29.5608913
0.66                                    30.1447634
0.67                                    32.8657262
0.68                                    26.3613105
0.69                                    24.9813349
0.7                                     26.4941899
0.71                                    31.0856712
0.72                                    30.4507647
0.73                                    30.4693515
0.74                                    28.0386977
0.75                                    32.4128688
0.76                                    27.278148
0.77                                    28.8287576
0.78                                    33.052866
0.79                                    27.1321097
0.8                                     29.7320497
0.81                                    25.2255851
0.82                                    24.7220496
0.83                                    25.0301276
0.84                                    26.6264294
0.85                                    29.2510919
0.86                                    27.2206165
0.87                                    32.0530696
0.88                                    24.5955154
0.89                                    34.9004214
0.9                                     29.2397083
0.91                                    24.0724416
0.92                                    34.4859749
0.93                                    30.2465853
0.94                                    31.2791291
0.95                                    30.0269293
0.96                                    28.2778283
0.97                                    32.5589803
0.98                                    28.7504664
0.99                                    34.6386064
1.0                                     30.7793954


# Pore Sphericity Distribution (ratio)
--------------------------------------------------
Cumulative probability                  Value
--------------------------------------------------
0.01                                    0.6921369
0.02                                    0.7174647
0.03                                    0.6861636
0.04                                    0.6705563
0.05                                    0.6503158
0.06                                    0.6785896
0.07                                    0.6295981
0.08                                    0.6615669
0.09                                    0.6547108
0.1                                     0.6942032
0.11                                    0.675443
0.12                                    0.6859732
0.13                                    0.6690124
0.14                                    0.7002138
0.15                                    0.7047249
0.16                                    0.7210958
0.17                                    0.6895295
0.18                                    0.6571446
0.19                                    0.6790675
0.2                                     0.6946011
0.21                                    0.6992761
0.22                                    0.6867371
0.23                                    0.6902921
0.24                                    0.7258721
0.25                                    0.6574433
0.26                                    0.6641509
0.27                                    0.6902413
0.28                                    0.7287246
0.29                                    0.6866233
0.3                                     0.7061682
0.31                                    0.6832861
0.32                                    0.7065526
0.33                                    0.70079
0.34                                    0.7291596
0.35                                    0.7083743
0.36                                    0.7390715
0.37                                    0.6946393
0.38                                    0.7050227
0.39                                    0.6861566
0.4                                     0.7132941
0.41                                    0.6939356
0.42                                    0.6734544
0.43                                    0.7243652
0.44                                    0.7221374
0.45                                    0.7175894
0.46                                    0.6928344
0.47                                    0.6961474
0.48                                    0.6841225
0.49                                    0.7302008
0.5                                     0.7227337
0.51                                    0.711764
0.52                                    0.7145539
0.53                                    0.7228913
0.54                                    0.7068486
0.55                                    0.7216025
0.56                                    0.7150171
0.57                                    0.7027224
0.58                                    0.6609282
0.59                                    0.7089195
0.6                                     0.6996242
0.61                                    0.6983844
0.62                                    0.6733709
0.63                                    0.7175281
0.64                                    0.6857205
0.65                                    0.7167565
0.66                                    0.7332205
0.67                                    0.6558955
0.68                                    0.7213501
0.69                                    0.7338471
0.7                                     0.7223235
0.71                                    0.7161823
0.72                                    0.7233498
0.73                                    0.6843343
0.74                                    0.6979836
0.75                                    0.6871902
0.76                                    0.7524912
0.77                                    0.7095037
0.78                                    0.700662
0.79                                    0.7183369
0.8                                     0.6616693
0.81                                    0.7004214
0.82                                    0.7396303
0.83                                    0.6976518
0.84                                    0.6939468
0.85                                    0.725189
0.86                                    0.713677
0.87                                    0.7169363
0.88                                    0.7643193
0.89                                    0.7187682
0.9                                     0.7382218
0.91                                    0.7208812
0.92                                    0.7330445
0.93                                    0.7085048
0.94                                    0.6804105
0.95                                    0.7167741
0.96                                    0.7587589
0.97                                    0.764632
0.98                                    0.742351
0.99                                    0.7735973
1.0                                     0.7826443


# Grain Sphericity Distribution (ratio)
--------------------------------------------------
Cumulative probability                  Value
--------------------------------------------------
0.01                                    0.7007678
0.02                                    0.6445031
0.03                                    0.6903612
0.04                                    0.7051763
0.05                                    0.6597298
0.06                                    0.6634368
0.07                                    0.6893818
0.08                                    0.718312
0.09                                    0.6962015
0.1                                     0.7045325
0.11                                    0.697748
0.12                                    0.6873594
0.13                                    0.6977669
0.14                                    0.7029326
0.15                                    0.6669608
0.16                                    0.6855715
0.17                                    0.6906707
0.18                                    0.7309843
0.19                                    0.702905
0.2                                     0.6829884
0.21                                    0.7168012
0.22                                    0.7123926
0.23                                    0.68378
0.24                                    0.7248738
0.25                                    0.7211389
0.26                                    0.7370609
0.27                                    0.7217466
0.28                                    0.6872375
0.29                                    0.7498237
0.3                                     0.7296134
0.31                                    0.7035474
0.32                                    0.7323443
0.33                                    0.7177832
0.34                                    0.6588197
0.35                                    0.6957553
0.36                                    0.7190274
0.37                                    0.7344443
0.38                                    0.7527764
0.39                                    0.7295949
0.4                                     0.7476743
0.41                                    0.6772098
0.42                                    0.7346294
0.43                                    0.7534675
0.44                                    0.7033803
0.45                                    0.7193879
0.46                                    0.7340915
0.47                                    0.7409511
0.48                                    0.7154185
0.49                                    0.7553244
0.5                                     0.7673387
0.51                                    0.7037184
0.52                                    0.7164765
0.53                                    0.7410202
0.54                                    0.7391373
0.55                                    0.7493276
0.56                                    0.7460312
0.57                                    0.7382553
0.58                                    0.7454525
0.59                                    0.72949
0.6                                     0.7386574
0.61                                    0.7167512
0.62                                    0.7386863
0.63                                    0.728724
0.64                                    0.7559618
0.65                                    0.7677141
0.66                                    0.80338
0.67                                    0.7075755
0.68                                    0.7604559
0.69                                    0.7543005
0.7                                     0.7484535
0.71                                    0.7781855
0.72                                    0.7517444
0.73                                    0.7168222
0.74                                    0.7707706
0.75                                    0.7916793
0.76                                    0.7382724
0.77                                    0.740211
0.78                                    0.7244617
0.79                                    0.7167721
0.8                                     0.7319288
0.81                                    0.759102
0.82                                    0.7323258
0.83                                    0.7631959
0.84                                    0.8040478
0.85                                    0.7237836
0.86                                    0.7472701
0.87                                    0.7254764
0.88                                    0.7397974
0.89                                    0.7258804
0.9                                     0.718513
0.91                                    0.7670167
0.92                                    0.7421982
0.93                                    0.7567754
0.94                                    0.7633278
0.95                                    0.7267828
0.96                                    0.7922272
0.97                                    0.8276455
0.98                                    0.8140605
0.99                                    0.7966823
1.0                                     0.8348931


# Grain Radius Distribution (um)
--------------------------------------------------
Cumulative probability                  Value
--------------------------------------------------
0.01                                    95.7709297
0.02                                    107.6032615
0.03                                    91.7243569
0.04                                    117.9109613
0.05                                    103.6943625
0.06                                    118.1025074
0.07                                    109.6245649
0.08                                    116.7321245
0.09                                    110.6052544
0.1                                     146.4703388
0.11                                    136.6728479
0.12                                    127.4148708
0.13                                    142.8616548
0.14                                    128.5042755
0.15                                    136.2483552
0.16                                    115.8227671
0.17                                    121.3204737
0.18                                    131.864797
0.19                                    119.0904822
0.2                                     139.7921683
0.21                                    131.6724067
0.22                                    105.0619744
0.23                                    122.5033927
0.24                                    119.1861151
0.25                                    142.289673
0.26                                    128.2566033
0.27                                    143.201782
0.28                                    147.0586159
0.29                                    126.064883
0.3                                     127.2607742
0.31                                    124.7051573
0.32                                    144.1007449
0.33                                    105.2601611
0.34                                    137.7430532
0.35                                    125.5762799
0.36                                    141.2303749
0.37                                    113.9415262
0.38                                    131.5709643
0.39                                    154.7657251
0.4                                     129.7553673
0.41                                    131.2691571
0.42                                    133.2636269
0.43                                    130.7438524
0.44                                    149.3809874
0.45                                    104.8891468
0.46                                    162.3759307
0.47                                    154.2304736
0.48                                    145.8949663
0.49                                    138.004044
0.5                                     133.522893
0.51                                    108.2141286
0.52                                    157.787963
0.53                                    140.9013802
0.54                                    144.6776107
0.55                                    161.281522
0.56                                    144.0019415
0.57                                    125.2339928
0.58                                    124.6799171
0.59                                    139.6055637
0.6                                     156.8444754
0.61                                    144.6749493
0.62                                    149.3257893
0.63                                    132.3798598
0.64                                    122.6232303
0.65                                    144.4203545
0.66                                    132.0273521
0.67                                    143.6909667
0.68                                    119.203935
0.69                                    156.0931142
0.7                                     149.8949533
0.71                                    138.4386423
0.72                                    147.5445751
0.73                                    138.6010385
0.74                                    112.9867949
0.75                                    136.1804038
0.76                                    137.8935953
0.77                                    139.5708282
0.78                                    157.6136602
0.79                                    130.9722689
0.8                                     139.1623832
0.81                                    133.9341708
0.82                                    145.2330146
0.83                                    135.8771246
0.84                                    140.0243882
0.85                                    147.8928355
0.86                                    156.1110153
0.87                                    147.7222047
0.88                                    127.4795917
0.89                                    140.4166192
0.9                                     149.5579279
0.91                                    146.4465156
0.92                                    142.9203999
0.93                                    134.3231926
0.94                                    147.354341
0.95                                    144.8930101
0.96                                    148.4505657
0.97                                    162.4575784
0.98                                    132.5748241
0.99                                    128.7185405
1.0                                     157.1769721
