DeePore output results including 15 single-value
paramters, 4 functions and 11 distributions
__________________________________________________
        ### Single-value parameters ###
__________________________________________________

Properties                              Value
--------------------------------------------------
Absolute Permeability (um2)             3.4401159
Formation Factor (ratio)                10.2518751
Cementation Factor (ratio)              2.1371576
pore density (1/um3)                    1.2e-06
Tortuosity (ratio)                      1.353249
Average Coordination Number             4.4764655
Average Throat Radius (um)              18.366014
Average Pore Radius (um)                32.1989453
Average Throat Length (um)              90.362877
Pore to Throat Aspect ratio             3.698277
Specific Surface (1/um)                 0.0207468
Pore Sphericity (ratio)                 0.7723061
Grain Sphericity (ratio)                0.8143807
Average Grain Radius (um)               46.5630315
Relative Young Module (ratio)           0.0977571

__________________________________________________
       ### Functions and distributions ###
__________________________________________________


# Leveret J Function (ratio)
--------------------------------------------------
Wetting-sat (Sw)                        Value
--------------------------------------------------
0.01                                    1.7040905
0.02                                    2.1013026
0.03                                    1.8997596
0.04                                    1.8353056
0.05                                    1.841537
0.06                                    1.8453619
0.07                                    1.9299227
0.08                                    1.7602601
0.09                                    1.9106359
0.1                                     2.0059021
0.11                                    1.8681103
0.12                                    1.8252815
0.13                                    2.0189221
0.14                                    1.8985344
0.15                                    1.7398616
0.16                                    2.1894274
0.17                                    1.8873384
0.18                                    1.8569542
0.19                                    1.7622234
0.2                                     2.0593422
0.21                                    1.6712432
0.22                                    1.7679389
0.23                                    1.6476562
0.24                                    1.8778044
0.25                                    2.0159975
0.26                                    1.7986697
0.27                                    2.02457
0.28                                    1.8249503
0.29                                    1.9462539
0.3                                     1.8536023
0.31                                    1.7068445
0.32                                    1.8750361
0.33                                    1.7440814
0.34                                    1.8769553
0.35                                    2.1221705
0.36                                    1.852222
0.37                                    1.7397815
0.38                                    1.7393565
0.39                                    1.9016664
0.4                                     1.7800214
0.41                                    1.7835538
0.42                                    1.8022716
0.43                                    1.7714035
0.44                                    1.4531998
0.45                                    1.51575
0.46                                    1.4983133
0.47                                    1.7620989
0.48                                    1.8531398
0.49                                    1.6250633
0.5                                     1.6118091
0.51                                    1.6863192
0.52                                    2.050797
0.53                                    2.1144
0.54                                    1.8656814
0.55                                    1.7620171
0.56                                    1.7709898
0.57                                    1.8948199
0.58                                    1.7319724
0.59                                    1.7375063
0.6                                     1.6064086
0.61                                    1.7797244
0.62                                    1.9856789
0.63                                    1.6572656
0.64                                    1.6770874
0.65                                    1.6776917
0.66                                    1.3903838
0.67                                    1.5392587
0.68                                    1.8390338
0.69                                    1.9136878
0.7                                     1.8715362
0.71                                    1.8022418
0.72                                    2.0358007
0.73                                    2.0242876
0.74                                    1.7084578
0.75                                    1.9909334
0.76                                    1.8118563
0.77                                    1.6915803
0.78                                    1.7363233
0.79                                    1.9838255
0.8                                     2.0390226
0.81                                    1.6676087
0.82                                    1.4409735
0.83                                    1.8199625
0.84                                    1.7298597
0.85                                    2.0350168
0.86                                    1.7756704
0.87                                    1.7991894
0.88                                    1.795292
0.89                                    2.1803936
0.9                                     1.7914102
0.91                                    1.943598
0.92                                    2.1922855
0.93                                    2.0129197
0.94                                    1.7394007
0.95                                    1.5726961
0.96                                    1.8919615
0.97                                    1.7754841
0.98                                    1.7280913
0.99                                    1.5001155
1.0                                     1.4964379


# Wetting Relative Permeability (fraction)
--------------------------------------------------
Wetting-sat (Sw)                        Value
--------------------------------------------------
0.01                                    0.3123895
0.02                                    0.2940084
0.03                                    0.3246503
0.04                                    0.357065
0.05                                    0.2933188
0.06                                    0.2742264
0.07                                    0.3043383
0.08                                    0.3292037
0.09                                    0.3478217
0.1                                     0.2821798
0.11                                    0.3013775
0.12                                    0.2854604
0.13                                    0.3379231
0.14                                    0.2843418
0.15                                    0.2927233
0.16                                    0.3445344
0.17                                    0.2399951
0.18                                    0.2952792
0.19                                    0.3315927
0.2                                     0.3572511
0.21                                    0.305664
0.22                                    0.320515
0.23                                    0.3253647
0.24                                    0.3187769
0.25                                    0.3584191
0.26                                    0.2829426
0.27                                    0.2770131
0.28                                    0.378317
0.29                                    0.3447792
0.3                                     0.324343
0.31                                    0.3263254
0.32                                    0.2957209
0.33                                    0.3729711
0.34                                    0.3375533
0.35                                    0.2910091
0.36                                    0.3608154
0.37                                    0.3704988
0.38                                    0.3752559
0.39                                    0.3057529
0.4                                     0.3072987
0.41                                    0.263179
0.42                                    0.3365476
0.43                                    0.350475
0.44                                    0.3737604
0.45                                    0.3831469
0.46                                    0.3513839
0.47                                    0.3592373
0.48                                    0.3189286
0.49                                    0.3851099
0.5                                     0.3880602
0.51                                    0.366531
0.52                                    0.362346
0.53                                    0.4002769
0.54                                    0.3178162
0.55                                    0.3828146
0.56                                    0.3687062
0.57                                    0.3365851
0.58                                    0.3563294
0.59                                    0.4138451
0.6                                     0.3927302
0.61                                    0.38175
0.62                                    0.4514857
0.63                                    0.4205099
0.64                                    0.4564032
0.65                                    0.3924024
0.66                                    0.3727398
0.67                                    0.4143296
0.68                                    0.4198281
0.69                                    0.3576141
0.7                                     0.4172159
0.71                                    0.3764253
0.72                                    0.4430152
0.73                                    0.4366081
0.74                                    0.523772
0.75                                    0.5084977
0.76                                    0.5231859
0.77                                    0.4537585
0.78                                    0.507783
0.79                                    0.4870522
0.8                                     0.5524671
0.81                                    0.4566465
0.82                                    0.4727732
0.83                                    0.5912286
0.84                                    0.505927
0.85                                    0.4593011
0.86                                    0.4402807
0.87                                    0.5139881
0.88                                    0.5154205
0.89                                    0.5769315
0.9                                     0.4992811
0.91                                    0.5394128
0.92                                    0.5316249
0.93                                    0.5487933
0.94                                    0.5295479
0.95                                    0.5726942
0.96                                    0.6310459
0.97                                    0.5857181
0.98                                    0.5651836
0.99                                    0.5470444
1.0                                     0.6993551


# Non-Wetting Relative Permeability (fraction)
--------------------------------------------------
Wetting-sat (Sw)                        Value
--------------------------------------------------
0.01                                    0.7249187
0.02                                    0.669882
0.03                                    0.656797
0.04                                    0.6699408
0.05                                    0.7129047
0.06                                    0.5828666
0.07                                    0.6506323
0.08                                    0.6277276
0.09                                    0.6538228
0.1                                     0.6421013
0.11                                    0.5784429
0.12                                    0.6400601
0.13                                    0.5987263
0.14                                    0.562846
0.15                                    0.5798954
0.16                                    0.587998
0.17                                    0.6057277
0.18                                    0.5724819
0.19                                    0.5851762
0.2                                     0.5756167
0.21                                    0.5854233
0.22                                    0.5023407
0.23                                    0.503065
0.24                                    0.5045374
0.25                                    0.5616643
0.26                                    0.4779433
0.27                                    0.5679291
0.28                                    0.4772489
0.29                                    0.4811505
0.3                                     0.524024
0.31                                    0.4940584
0.32                                    0.519058
0.33                                    0.5299974
0.34                                    0.5369746
0.35                                    0.5242938
0.36                                    0.4695862
0.37                                    0.5573486
0.38                                    0.5291664
0.39                                    0.4691776
0.4                                     0.4747509
0.41                                    0.5064821
0.42                                    0.5465705
0.43                                    0.5335263
0.44                                    0.4518773
0.45                                    0.4960389
0.46                                    0.4778711
0.47                                    0.4842626
0.48                                    0.4704113
0.49                                    0.4620407
0.5                                     0.4356035
0.51                                    0.4764922
0.52                                    0.4977117
0.53                                    0.5037058
0.54                                    0.4287191
0.55                                    0.498255
0.56                                    0.4995968
0.57                                    0.4703755
0.58                                    0.4463656
0.59                                    0.4748295
0.6                                     0.4375928
0.61                                    0.5011997
0.62                                    0.4252774
0.63                                    0.4868303
0.64                                    0.3776453
0.65                                    0.4794399
0.66                                    0.4836205
0.67                                    0.4895125
0.68                                    0.4186939
0.69                                    0.4217675
0.7                                     0.4842707
0.71                                    0.4460191
0.72                                    0.5013725
0.73                                    0.43434
0.74                                    0.4579556
0.75                                    0.4169755
0.76                                    0.4263254
0.77                                    0.5116883
0.78                                    0.4594341
0.79                                    0.4956991
0.8                                     0.4220799
0.81                                    0.359259
0.82                                    0.4247275
0.83                                    0.4030749
0.84                                    0.3999348
0.85                                    0.3763016
0.86                                    0.3915047
0.87                                    0.3547139
0.88                                    0.3053891
0.89                                    0.3883828
0.9                                     0.3544578
0.91                                    0.3383774
0.92                                    0.3416241
0.93                                    0.309202
0.94                                    0.3526342
0.95                                    0.313042
0.96                                    0.3245561
0.97                                    0.3776948
0.98                                    0.3335845
0.99                                    0.3016534
1.0                                     0.3025658


# Two-point Correlation Function (1/um)
--------------------------------------------------
lag (px)                                Value
--------------------------------------------------
0.5                                     0.0587632
1.0                                     0.0604483
1.5                                     0.0592043
2.0                                     0.0560247
2.5                                     0.0553366
3.0                                     0.0601691
3.5                                     0.0594893
4.0                                     0.0558929
4.5                                     0.0552336
5.0                                     0.0581052
5.5                                     0.0547108
6.0                                     0.0557849
6.5                                     0.0555635
7.0                                     0.052335
7.5                                     0.0501093
8.0                                     0.0515588
8.5                                     0.0494918
9.0                                     0.0562382
9.5                                     0.0523629
10.0                                    0.05122
10.5                                    0.0594396
11.0                                    0.0475053
11.5                                    0.0550679
12.0                                    0.0506979
12.5                                    0.052501
13.0                                    0.0479153
13.5                                    0.054452
14.0                                    0.0559592
14.5                                    0.0502007
15.0                                    0.0469752
15.5                                    0.0471312
16.0                                    0.0498571
16.5                                    0.0502176
17.0                                    0.0492102
17.5                                    0.0467386
18.0                                    0.0463597
18.5                                    0.0496824
19.0                                    0.0454443
19.5                                    0.0506639
20.0                                    0.0510127
20.5                                    0.0468164
21.0                                    0.0484485
21.5                                    0.0493791
22.0                                    0.048254
22.5                                    0.046675
23.0                                    0.0451154
23.5                                    0.0447475
24.0                                    0.0454825
24.5                                    0.0480868
25.0                                    0.047581
25.5                                    0.0477928
26.0                                    0.0480891
26.5                                    0.0462098
27.0                                    0.044401
27.5                                    0.050036
28.0                                    0.0493151
28.5                                    0.0419559
29.0                                    0.0503298
29.5                                    0.0453927
30.0                                    0.0418283
30.5                                    0.050829
31.0                                    0.0471854
31.5                                    0.0509443
32.0                                    0.0461799
32.5                                    0.047598
33.0                                    0.0468103
33.5                                    0.0474262
34.0                                    0.0482149
34.5                                    0.0291604
35.0                                    0.0484934
35.5                                    0.0430181
36.0                                    0.0496922
36.5                                    0.0489756
37.0                                    0.0491019
37.5                                    0.0490588
38.0                                    0.04203
38.5                                    0.0439385
39.0                                    0.0387803
39.5                                    0.0447671
40.0                                    0.05229
40.5                                    0.046678
41.0                                    0.0509558
41.5                                    0.0498071
42.0                                    0.0437844
42.5                                    0.0517043
43.0                                    0.044414
43.5                                    0.0455836
44.0                                    0.0501089
44.5                                    0.0431321
45.0                                    0.0446857
45.5                                    0.0496339
46.0                                    0.043681
46.5                                    0.0447431
47.0                                    0.0494598
47.5                                    0.0444218
48.0                                    0.0428855
48.5                                    0.0463717
49.0                                    0.0432527
49.5                                    0.0440305
50.0                                    0.0454572


# Pore Radius Distribution (um)
--------------------------------------------------
Cumulative probability                  Value
--------------------------------------------------
0.01                                    92.2525302
0.02                                    90.7505003
0.03                                    87.495843
0.04                                    87.7760723
0.05                                    95.2233073
0.06                                    84.557609
0.07                                    98.5351716
0.08                                    96.0293385
0.09                                    107.802516
0.1                                     88.5557711
0.11                                    112.2275914
0.12                                    108.0656031
0.13                                    112.2479993
0.14                                    95.1193441
0.15                                    105.0632828
0.16                                    99.9031437
0.17                                    95.837723
0.18                                    89.3487395
0.19                                    108.7489326
0.2                                     114.5871688
0.21                                    106.0478442
0.22                                    129.6119979
0.23                                    103.2519146
0.24                                    95.0867422
0.25                                    106.0454249
0.26                                    112.9865981
0.27                                    110.9724575
0.28                                    106.7056896
0.29                                    108.2338574
0.3                                     111.9539833
0.31                                    107.9485921
0.32                                    99.4866729
0.33                                    113.1228686
0.34                                    112.8797414
0.35                                    107.8327453
0.36                                    103.4115052
0.37                                    102.6710585
0.38                                    98.6084743
0.39                                    118.6002717
0.4                                     92.0778016
0.41                                    95.1149487
0.42                                    117.1334455
0.43                                    107.9216789
0.44                                    117.9562972
0.45                                    111.6481614
0.46                                    106.0584288
0.47                                    95.8698339
0.48                                    114.0163118
0.49                                    104.7602833
0.5                                     125.3903094
0.51                                    105.3212917
0.52                                    109.096397
0.53                                    117.3854589
0.54                                    122.1516515
0.55                                    111.3833021
0.56                                    112.6081272
0.57                                    111.810609
0.58                                    119.7522617
0.59                                    112.6203923
0.6                                     121.2104888
0.61                                    90.7160916
0.62                                    121.2872582
0.63                                    113.9377832
0.64                                    110.8397127
0.65                                    100.5466197
0.66                                    112.1818948
0.67                                    123.607679
0.68                                    102.5971012
0.69                                    108.4304435
0.7                                     114.1021742
0.71                                    110.1654966
0.72                                    110.6399974
0.73                                    103.6993077
0.74                                    119.6290447
0.75                                    107.3730329
0.76                                    122.4265155
0.77                                    120.2400179
0.78                                    101.1363013
0.79                                    100.0520384
0.8                                     107.6644368
0.81                                    106.3376855
0.82                                    113.1463701
0.83                                    112.5766671
0.84                                    101.4287892
0.85                                    117.4963388
0.86                                    117.1530856
0.87                                    111.7699812
0.88                                    110.6815987
0.89                                    123.3306686
0.9                                     106.2468609
0.91                                    119.0497896
0.92                                    117.9771353
0.93                                    126.6756418
0.94                                    133.9836015
0.95                                    111.2461329
0.96                                    119.3073085
0.97                                    125.796233
0.98                                    112.1795446
0.99                                    136.077795
1.0                                     117.4030518


# Throat Radius Distribution (um)
--------------------------------------------------
Cumulative probability                  Value
--------------------------------------------------
0.01                                    76.6212748
0.02                                    110.6936894
0.03                                    102.494331
0.04                                    106.1301853
0.05                                    112.8926959
0.06                                    100.1861109
0.07                                    110.8967496
0.08                                    81.0412127
0.09                                    100.5778715
0.1                                     107.4707907
0.11                                    98.5069626
0.12                                    117.8440881
0.13                                    102.0458616
0.14                                    98.2095194
0.15                                    83.846494
0.16                                    112.7952914
0.17                                    107.2031193
0.18                                    105.037034
0.19                                    129.0609936
0.2                                     116.7597899
0.21                                    117.9054515
0.22                                    101.9908887
0.23                                    90.1519585
0.24                                    106.1500561
0.25                                    100.8955104
0.26                                    98.6396717
0.27                                    115.1302786
0.28                                    101.1185466
0.29                                    125.6242703
0.3                                     118.1425725
0.31                                    101.10919
0.32                                    99.7706126
0.33                                    110.7320098
0.34                                    111.7419419
0.35                                    89.0306537
0.36                                    125.5918572
0.37                                    95.5198551
0.38                                    109.8876459
0.39                                    99.2530257
0.4                                     113.2288228
0.41                                    89.4959849
0.42                                    125.1916725
0.43                                    137.4075329
0.44                                    129.0073641
0.45                                    99.8075354
0.46                                    94.5744018
0.47                                    101.6279946
0.48                                    117.93339
0.49                                    106.0234682
0.5                                     124.4276862
0.51                                    128.0974904
0.52                                    118.4671767
0.53                                    112.1455929
0.54                                    78.9759315
0.55                                    120.3907905
0.56                                    132.5121966
0.57                                    111.2924483
0.58                                    114.8129136
0.59                                    124.8484253
0.6                                     103.2563449
0.61                                    110.4479825
0.62                                    105.6014039
0.63                                    150.2194091
0.64                                    121.2503742
0.65                                    117.3296925
0.66                                    123.1202136
0.67                                    132.0885378
0.68                                    122.352882
0.69                                    123.6280818
0.7                                     119.6599992
0.71                                    132.0079418
0.72                                    129.6528053
0.73                                    126.350329
0.74                                    121.2719664
0.75                                    123.4009715
0.76                                    106.1778634
0.77                                    107.3596341
0.78                                    127.2514221
0.79                                    123.2877033
0.8                                     137.2948894
0.81                                    116.8316268
0.82                                    128.3049561
0.83                                    120.1830419
0.84                                    121.9669133
0.85                                    107.1356721
0.86                                    122.1000343
0.87                                    112.9846402
0.88                                    141.1420434
0.89                                    122.2779285
0.9                                     116.1243368
0.91                                    135.7512532
0.92                                    137.199653
0.93                                    125.5697106
0.94                                    118.9120893
0.95                                    139.2472904
0.96                                    128.439194
0.97                                    139.2514255
0.98                                    131.693389
0.99                                    131.0402446
1.0                                     143.841199


# Throat Lenght Distribution (um)
--------------------------------------------------
Cumulative probability                  Value
--------------------------------------------------
0.01                                    268.5927427
0.02                                    268.2180355
0.03                                    271.8038213
0.04                                    301.6530805
0.05                                    247.4349141
0.06                                    279.3080851
0.07                                    272.3745921
0.08                                    269.3611661
0.09                                    302.6757007
0.1                                     304.0388675
0.11                                    272.9285284
0.12                                    280.9525679
0.13                                    311.2053223
0.14                                    324.9390454
0.15                                    304.0028619
0.16                                    305.0434935
0.17                                    265.3636385
0.18                                    325.5125509
0.19                                    277.099273
0.2                                     255.9640126
0.21                                    273.1101938
0.22                                    287.836254
0.23                                    296.7783621
0.24                                    332.3119112
0.25                                    227.2709277
0.26                                    290.0707726
0.27                                    301.2683244
0.28                                    263.123878
0.29                                    276.8595455
0.3                                     276.0318831
0.31                                    282.3027236
0.32                                    316.5903814
0.33                                    306.2682664
0.34                                    307.8777016
0.35                                    335.5140553
0.36                                    339.1773984
0.37                                    237.3843462
0.38                                    342.5631522
0.39                                    312.1258954
0.4                                     381.3077145
0.41                                    290.8635523
0.42                                    300.3122744
0.43                                    320.0784979
0.44                                    340.3673539
0.45                                    303.2635334
0.46                                    208.3379455
0.47                                    343.9729903
0.48                                    312.0705453
0.49                                    339.2408957
0.5                                     335.4654423
0.51                                    324.6267838
0.52                                    344.0820589
0.53                                    326.5340369
0.54                                    284.6209227
0.55                                    152.0815601
0.56                                    307.2304339
0.57                                    326.1659646
0.58                                    334.9266234
0.59                                    327.2570313
0.6                                     333.761803
0.61                                    318.7176223
0.62                                    274.9301051
0.63                                    372.872553
0.64                                    336.7540594
0.65                                    331.560885
0.66                                    329.2848034
0.67                                    309.0455808
0.68                                    339.8496733
0.69                                    366.3964982
0.7                                     289.4080434
0.71                                    267.8408068
0.72                                    327.6916341
0.73                                    354.0535557
0.74                                    310.2785919
0.75                                    286.2385164
0.76                                    324.8633956
0.77                                    331.3945447
0.78                                    332.8636246
0.79                                    319.9125242
0.8                                     307.6335709
0.81                                    324.5117711
0.82                                    354.182111
0.83                                    349.2706621
0.84                                    316.4658315
0.85                                    333.8871517
0.86                                    373.6782584
0.87                                    357.2233726
0.88                                    321.2891255
0.89                                    320.9880129
0.9                                     347.4558648
0.91                                    341.9191819
0.92                                    324.1314951
0.93                                    346.1646979
0.94                                    354.0957811
0.95                                    312.5772019
0.96                                    296.7155186
0.97                                    352.3349496
0.98                                    367.4333063
0.99                                    298.9248339
1.0                                     307.501141


# Pore Inscribed Radius Distribution (um)
--------------------------------------------------
Cumulative probability                  Value
--------------------------------------------------
0.01                                    86.7913084
0.02                                    72.6777825
0.03                                    76.5117866
0.04                                    71.3457361
0.05                                    89.7141968
0.06                                    71.2092931
0.07                                    84.7396829
0.08                                    78.24824
0.09                                    91.7148419
0.1                                     77.5384284
0.11                                    84.676712
0.12                                    94.7953414
0.13                                    87.8499539
0.14                                    79.6204328
0.15                                    83.3597926
0.16                                    95.0943373
0.17                                    94.4813191
0.18                                    86.642612
0.19                                    97.215978
0.2                                     61.1845617
0.21                                    84.9305406
0.22                                    97.7889123
0.23                                    99.3270726
0.24                                    76.2670682
0.25                                    100.5899841
0.26                                    89.3679461
0.27                                    100.8784937
0.28                                    96.1753057
0.29                                    96.3816766
0.3                                     87.4061886
0.31                                    86.1521884
0.32                                    93.8429754
0.33                                    95.0017821
0.34                                    99.6103191
0.35                                    86.2460257
0.36                                    87.4828879
0.37                                    112.7831791
0.38                                    96.748582
0.39                                    101.0035485
0.4                                     94.3176405
0.41                                    83.3925435
0.42                                    79.4514087
0.43                                    74.5772132
0.44                                    103.2666607
0.45                                    101.6352847
0.46                                    88.1006435
0.47                                    99.8204106
0.48                                    102.1126137
0.49                                    97.8816905
0.5                                     94.3881965
0.51                                    89.0436713
0.52                                    92.2765628
0.53                                    87.1715421
0.54                                    98.6578641
0.55                                    95.8878452
0.56                                    102.1758225
0.57                                    100.9057269
0.58                                    91.442981
0.59                                    99.6252082
0.6                                     88.3023286
0.61                                    96.0954149
0.62                                    98.1209021
0.63                                    85.3512402
0.64                                    98.0579653
0.65                                    101.8896407
0.66                                    92.1320255
0.67                                    95.0559182
0.68                                    111.0176322
0.69                                    100.6616366
0.7                                     105.4477397
0.71                                    102.0481511
0.72                                    105.6936678
0.73                                    102.1711277
0.74                                    87.9153916
0.75                                    93.1712602
0.76                                    97.5578742
0.77                                    90.0152985
0.78                                    95.5059825
0.79                                    102.5159948
0.8                                     97.0564668
0.81                                    99.243977
0.82                                    95.4024892
0.83                                    110.4028144
0.84                                    84.137695
0.85                                    96.275615
0.86                                    101.5709277
0.87                                    99.7660757
0.88                                    110.8131766
0.89                                    101.8118673
0.9                                     99.1393073
0.91                                    97.1748683
0.92                                    93.8269573
0.93                                    85.6258475
0.94                                    114.286897
0.95                                    113.31363
0.96                                    110.1245165
0.97                                    93.8940265
0.98                                    106.583825
0.99                                    96.4183169
1.0                                     103.4778578


# Throat Inscribed Radius Distribution (um)
--------------------------------------------------
Cumulative probability                  Value
--------------------------------------------------
0.01                                    74.7545333
0.02                                    71.716985
0.03                                    63.9933838
0.04                                    77.1815229
0.05                                    71.5598303
0.06                                    77.7819903
0.07                                    76.6172103
0.08                                    72.3377573
0.09                                    65.0083303
0.1                                     86.3253646
0.11                                    68.005755
0.12                                    78.7849851
0.13                                    84.3906063
0.14                                    84.0054714
0.15                                    72.8821974
0.16                                    74.0714276
0.17                                    90.3643645
0.18                                    82.7879066
0.19                                    70.5287939
0.2                                     81.7844675
0.21                                    74.5112246
0.22                                    68.0531443
0.23                                    68.4406433
0.24                                    78.178789
0.25                                    59.0345851
0.26                                    73.9015173
0.27                                    69.2326132
0.28                                    72.0270993
0.29                                    76.6622001
0.3                                     73.2232131
0.31                                    74.0037231
0.32                                    76.4823639
0.33                                    64.4737492
0.34                                    81.5838332
0.35                                    78.8814851
0.36                                    73.9663921
0.37                                    73.7553308
0.38                                    78.116747
0.39                                    75.2924767
0.4                                     82.1850049
0.41                                    79.5598059
0.42                                    69.2029472
0.43                                    86.7941776
0.44                                    76.3975017
0.45                                    92.7280383
0.46                                    81.4707971
0.47                                    66.420406
0.48                                    77.1117032
0.49                                    76.3275773
0.5                                     74.1847355
0.51                                    90.4798436
0.52                                    69.9883667
0.53                                    91.76421
0.54                                    86.1647367
0.55                                    98.8921732
0.56                                    80.0392972
0.57                                    82.2057612
0.58                                    89.0417674
0.59                                    79.5915729
0.6                                     94.5129824
0.61                                    76.4351171
0.62                                    90.4208353
0.63                                    89.2333761
0.64                                    83.8328535
0.65                                    96.9933224
0.66                                    83.4338806
0.67                                    87.2515932
0.68                                    97.5380052
0.69                                    80.6475928
0.7                                     85.8718674
0.71                                    85.7303139
0.72                                    87.5415138
0.73                                    87.9123821
0.74                                    91.8349143
0.75                                    86.0210238
0.76                                    92.7660649
0.77                                    76.0816239
0.78                                    100.785174
0.79                                    92.0117113
0.8                                     83.0879036
0.81                                    95.8988142
0.82                                    92.5898162
0.83                                    75.9448057
0.84                                    88.0064006
0.85                                    98.5350366
0.86                                    91.2928714
0.87                                    81.5876271
0.88                                    83.5597866
0.89                                    83.8094401
0.9                                     83.2720584
0.91                                    94.2053622
0.92                                    89.8210005
0.93                                    91.1647163
0.94                                    102.128384
0.95                                    87.6483013
0.96                                    93.577566
0.97                                    95.8846871
0.98                                    88.9424716
0.99                                    102.2358884
1.0                                     86.0163389


# Throat Average Distance (um)
--------------------------------------------------
Cumulative probability                  Value
--------------------------------------------------
0.01                                    51.9451635
0.02                                    51.2972762
0.03                                    53.3094973
0.04                                    47.4131157
0.05                                    54.3342018
0.06                                    54.9910174
0.07                                    56.2099826
0.08                                    52.4534262
0.09                                    52.8544994
0.1                                     60.1383042
0.11                                    63.1378319
0.12                                    66.5586097
0.13                                    47.9334384
0.14                                    55.4467582
0.15                                    59.7470823
0.16                                    61.7166035
0.17                                    48.7317372
0.18                                    62.7463383
0.19                                    53.9506546
0.2                                     51.2741518
0.21                                    55.3956104
0.22                                    53.3709217
0.23                                    55.3707514
0.24                                    47.5507296
0.25                                    54.3055942
0.26                                    57.9440201
0.27                                    58.3178404
0.28                                    60.8279798
0.29                                    61.8755221
0.3                                     52.4776168
0.31                                    55.6502442
0.32                                    50.7436814
0.33                                    65.779716
0.34                                    55.1927745
0.35                                    57.6823514
0.36                                    56.0135906
0.37                                    51.4624271
0.38                                    59.2954121
0.39                                    55.3450238
0.4                                     56.1960429
0.41                                    56.9012467
0.42                                    52.9218972
0.43                                    57.7086315
0.44                                    62.2907116
0.45                                    51.7899613
0.46                                    54.050914
0.47                                    59.9841488
0.48                                    63.634007
0.49                                    48.5675946
0.5                                     56.9904556
0.51                                    57.7643808
0.52                                    62.555762
0.53                                    51.5915211
0.54                                    48.6985396
0.55                                    62.2234543
0.56                                    58.9595985
0.57                                    59.2508888
0.58                                    48.7595835
0.59                                    56.9220592
0.6                                     68.1369818
0.61                                    58.550729
0.62                                    59.7668446
0.63                                    47.1896713
0.64                                    50.5300849
0.65                                    55.164359
0.66                                    63.0585885
0.67                                    47.8679834
0.68                                    60.8396621
0.69                                    65.2359484
0.7                                     55.0828535
0.71                                    54.7918584
0.72                                    60.9484085
0.73                                    58.1265733
0.74                                    63.8576537
0.75                                    57.0930235
0.76                                    53.1734085
0.77                                    65.032537
0.78                                    58.866292
0.79                                    65.3047105
0.8                                     61.8064533
0.81                                    57.9703496
0.82                                    49.5964707
0.83                                    70.1161148
0.84                                    68.8208017
0.85                                    68.6091572
0.86                                    46.7176843
0.87                                    70.9129323
0.88                                    57.5895677
0.89                                    58.6502879
0.9                                     58.6739208
0.91                                    63.9015327
0.92                                    68.2943555
0.93                                    70.8433264
0.94                                    72.2882444
0.95                                    65.8897683
0.96                                    66.87522
0.97                                    60.642992
0.98                                    57.2054582
0.99                                    51.6194287
1.0                                     72.2299435


# Throat Permeability Distribution (um2)
--------------------------------------------------
Cumulative probability                  Value
--------------------------------------------------
0.01                                    11143.9752636
0.02                                    10849.9112778
0.03                                    11103.427902
0.04                                    10341.413644
0.05                                    11261.4589921
0.06                                    11445.986938
0.07                                    12171.1650238
0.08                                    11727.8160783
0.09                                    11749.3906474
0.1                                     10806.6058531
0.11                                    10915.507626
0.12                                    7806.3832276
0.13                                    12307.9929102
0.14                                    10311.6314428
0.15                                    9527.9728537
0.16                                    10139.2788106
0.17                                    9631.9550515
0.18                                    9074.7757604
0.19                                    10657.9759904
0.2                                     9949.082396
0.21                                    12182.926819
0.22                                    9270.0339857
0.23                                    10322.5968916
0.24                                    10648.6029882
0.25                                    10560.6293152
0.26                                    8890.292371
0.27                                    11666.0411087
0.28                                    11684.5986572
0.29                                    9632.2190624
0.3                                     9432.7963183
0.31                                    11396.5319828
0.32                                    9938.4361761
0.33                                    11302.5512613
0.34                                    11219.9956041
0.35                                    11208.8694316
0.36                                    10537.7447986
0.37                                    11306.6250649
0.38                                    12053.1653524
0.39                                    9143.3939362
0.4                                     12362.3108668
0.41                                    13771.2856144
0.42                                    10436.6942061
0.43                                    11070.8951562
0.44                                    9301.0325227
0.45                                    10608.2392757
0.46                                    10944.6562997
0.47                                    9209.8502302
0.48                                    10429.850014
0.49                                    13192.5196753
0.5                                     10548.1162845
0.51                                    12724.7551474
0.52                                    9926.827586
0.53                                    7551.2514164
0.54                                    11251.1267011
0.55                                    11074.493691
0.56                                    12819.3912124
0.57                                    10221.8158564
0.58                                    12008.2748764
0.59                                    9132.9088097
0.6                                     9219.9833421
0.61                                    12310.4051216
0.62                                    11407.5496914
0.63                                    12533.635804
0.64                                    9802.6113338
0.65                                    12414.7876496
0.66                                    11194.8911529
0.67                                    11556.6820621
0.68                                    10095.792695
0.69                                    9165.6844283
0.7                                     10718.680619
0.71                                    10400.8720476
0.72                                    11423.0876309
0.73                                    8962.6676482
0.74                                    11610.8476763
0.75                                    10743.8294417
0.76                                    12053.1390992
0.77                                    10725.8578445
0.78                                    11897.5308204
0.79                                    12194.4241104
0.8                                     10881.2012497
0.81                                    9914.5903987
0.82                                    11699.6563977
0.83                                    10615.5377835
0.84                                    11487.7403436
0.85                                    7455.0629625
0.86                                    11739.5259835
0.87                                    14329.2904632
0.88                                    11626.2534872
0.89                                    13146.8734035
0.9                                     13086.5052594
0.91                                    11548.3691708
0.92                                    12926.3363221
0.93                                    12120.2748946
0.94                                    10422.2257448
0.95                                    9681.8803454
0.96                                    9702.7049117
0.97                                    8705.0472695
0.98                                    11174.3493323
0.99                                    10855.8867731
1.0                                     11692.8834466


# Coordination Number Distribution
--------------------------------------------------
Cumulative probability                  Value
--------------------------------------------------
0.01                                    20.0371301
0.02                                    24.4150793
0.03                                    21.3543133
0.04                                    21.5489753
0.05                                    29.4080427
0.06                                    25.6556422
0.07                                    26.4523851
0.08                                    25.0413479
0.09                                    25.975351
0.1                                     23.1090251
0.11                                    30.0563369
0.12                                    31.0033328
0.13                                    21.5497049
0.14                                    25.3624566
0.15                                    23.2843583
0.16                                    24.8382603
0.17                                    21.838876
0.18                                    28.9908379
0.19                                    28.8533046
0.2                                     28.5362838
0.21                                    32.244667
0.22                                    21.1097849
0.23                                    22.0836795
0.24                                    28.4040632
0.25                                    25.7726894
0.26                                    28.9874757
0.27                                    29.445297
0.28                                    28.3467729
0.29                                    25.1225966
0.3                                     28.6315535
0.31                                    22.7154826
0.32                                    26.2033215
0.33                                    29.5731477
0.34                                    23.3392815
0.35                                    28.8228795
0.36                                    25.658564
0.37                                    27.01008
0.38                                    26.2848748
0.39                                    27.9808951
0.4                                     31.4684778
0.41                                    23.4251401
0.42                                    30.8920125
0.43                                    27.2224761
0.44                                    27.2663827
0.45                                    28.1200224
0.46                                    28.5596234
0.47                                    27.9780243
0.48                                    26.4227532
0.49                                    31.2062543
0.5                                     27.7241773
0.51                                    29.2114648
0.52                                    27.7472854
0.53                                    22.2977112
0.54                                    29.913059
0.55                                    26.6305589
0.56                                    22.0721319
0.57                                    33.1803378
0.58                                    27.9919218
0.59                                    30.6435961
0.6                                     26.2213992
0.61                                    26.4494601
0.62                                    30.4700597
0.63                                    17.1284198
0.64                                    34.3766998
0.65                                    30.7068006
0.66                                    28.8156433
0.67                                    34.6901391
0.68                                    27.6783443
0.69                                    27.2557352
0.7                                     28.5726784
0.71                                    32.1225664
0.72                                    32.6629234
0.73                                    31.3901639
0.74                                    29.7317359
0.75                                    33.0052803
0.76                                    29.6602963
0.77                                    29.9886863
0.78                                    33.1672243
0.79                                    28.6966581
0.8                                     30.636846
0.81                                    26.9839542
0.82                                    26.9328466
0.83                                    27.207209
0.84                                    28.6854891
0.85                                    31.2715095
0.86                                    28.5277905
0.87                                    32.8615081
0.88                                    26.8985704
0.89                                    35.0860266
0.9                                     30.4444273
0.91                                    26.4763672
0.92                                    35.8671242
0.93                                    31.6952757
0.94                                    32.8537449
0.95                                    32.0100095
0.96                                    29.0062998
0.97                                    33.7536051
0.98                                    30.3335118
0.99                                    35.2464973
1.0                                     31.7033215


# Pore Sphericity Distribution (ratio)
--------------------------------------------------
Cumulative probability                  Value
--------------------------------------------------
0.01                                    0.6801826
0.02                                    0.6992429
0.03                                    0.6716775
0.04                                    0.6664568
0.05                                    0.6506284
0.06                                    0.6712882
0.07                                    0.6256056
0.08                                    0.6586601
0.09                                    0.6473125
0.1                                     0.6754254
0.11                                    0.6597288
0.12                                    0.6688857
0.13                                    0.6576215
0.14                                    0.683683
0.15                                    0.6858781
0.16                                    0.7052727
0.17                                    0.6839064
0.18                                    0.656806
0.19                                    0.667108
0.2                                     0.6730537
0.21                                    0.6887369
0.22                                    0.6780839
0.23                                    0.6755843
0.24                                    0.7146746
0.25                                    0.64228
0.26                                    0.6538899
0.27                                    0.6737429
0.28                                    0.713014
0.29                                    0.6742283
0.3                                     0.691349
0.31                                    0.6745535
0.32                                    0.6925725
0.33                                    0.692273
0.34                                    0.7192329
0.35                                    0.6984103
0.36                                    0.7227184
0.37                                    0.6781474
0.38                                    0.6938189
0.39                                    0.678144
0.4                                     0.6991721
0.41                                    0.6800629
0.42                                    0.6613438
0.43                                    0.7074537
0.44                                    0.7001713
0.45                                    0.6975817
0.46                                    0.6798825
0.47                                    0.685968
0.48                                    0.6734155
0.49                                    0.7094236
0.5                                     0.7171211
0.51                                    0.7048703
0.52                                    0.6964889
0.53                                    0.7044041
0.54                                    0.6950456
0.55                                    0.7098134
0.56                                    0.704649
0.57                                    0.7030003
0.58                                    0.6578921
0.59                                    0.7014189
0.6                                     0.6822305
0.61                                    0.6830237
0.62                                    0.6688545
0.63                                    0.7046723
0.64                                    0.6805255
0.65                                    0.7029544
0.66                                    0.7172891
0.67                                    0.6373857
0.68                                    0.7134875
0.69                                    0.7262609
0.7                                     0.7097428
0.71                                    0.6972881
0.72                                    0.7116144
0.73                                    0.6831101
0.74                                    0.6957881
0.75                                    0.6794988
0.76                                    0.7331086
0.77                                    0.6986409
0.78                                    0.6884884
0.79                                    0.7150827
0.8                                     0.6624908
0.81                                    0.6899542
0.82                                    0.7288871
0.83                                    0.6909762
0.84                                    0.6819061
0.85                                    0.7126359
0.86                                    0.7066576
0.87                                    0.7049603
0.88                                    0.7477224
0.89                                    0.695787
0.9                                     0.7202667
0.91                                    0.7063311
0.92                                    0.7171566
0.93                                    0.6980516
0.94                                    0.6758516
0.95                                    0.710137
0.96                                    0.747171
0.97                                    0.7425277
0.98                                    0.7278726
0.99                                    0.7566254
1.0                                     0.754995


# Grain Sphericity Distribution (ratio)
--------------------------------------------------
Cumulative probability                  Value
--------------------------------------------------
0.01                                    0.7032028
0.02                                    0.6490481
0.03                                    0.6944177
0.04                                    0.7075225
0.05                                    0.665485
0.06                                    0.5473154
0.07                                    0.6870795
0.08                                    0.7175564
0.09                                    0.6968829
0.1                                     0.7058543
0.11                                    0.6942291
0.12                                    0.68567
0.13                                    0.6995777
0.14                                    0.6945821
0.15                                    0.674714
0.16                                    0.679599
0.17                                    0.6910796
0.18                                    0.7301671
0.19                                    0.700496
0.2                                     0.6887523
0.21                                    0.7072577
0.22                                    0.708529
0.23                                    0.6845952
0.24                                    0.7213329
0.25                                    0.7146228
0.26                                    0.7206509
0.27                                    0.7141548
0.28                                    0.6817732
0.29                                    0.7392746
0.3                                     0.7095545
0.31                                    0.6987077
0.32                                    0.7314781
0.33                                    0.7098361
0.34                                    0.6691118
0.35                                    0.6889524
0.36                                    0.715319
0.37                                    0.7199326
0.38                                    0.7434568
0.39                                    0.7215537
0.4                                     0.7394683
0.41                                    0.6742427
0.42                                    0.7260357
0.43                                    0.7432169
0.44                                    0.6956356
0.45                                    0.7213557
0.46                                    0.7304653
0.47                                    0.7310843
0.48                                    0.7160645
0.49                                    0.7413902
0.5                                     0.7451715
0.51                                    0.6982441
0.52                                    0.7162475
0.53                                    0.7293969
0.54                                    0.7340053
0.55                                    0.7390711
0.56                                    0.7433972
0.57                                    0.7285039
0.58                                    0.7328514
0.59                                    0.7256276
0.6                                     0.7277116
0.61                                    0.7094174
0.62                                    0.7316513
0.63                                    0.7220798
0.64                                    0.7391586
0.65                                    0.7560182
0.66                                    0.7826388
0.67                                    0.7009995
0.68                                    0.7493334
0.69                                    0.7391241
0.7                                     0.7376956
0.71                                    0.7632809
0.72                                    0.7524527
0.73                                    0.7200683
0.74                                    0.7561748
0.75                                    0.8559082
0.76                                    0.7298711
0.77                                    0.7298774
0.78                                    0.7234485
0.79                                    0.7115343
0.8                                     0.7194775
0.81                                    0.7459505
0.82                                    0.724406
0.83                                    0.7515261
0.84                                    0.7828041
0.85                                    0.7198508
0.86                                    0.7339345
0.87                                    0.7205158
0.88                                    0.7262287
0.89                                    0.7230788
0.9                                     0.7138098
0.91                                    0.7554428
0.92                                    0.7843364
0.93                                    0.7434553
0.94                                    0.7385915
0.95                                    0.7128182
0.96                                    0.802135
0.97                                    0.8079162
0.98                                    0.791333
0.99                                    0.7876042
1.0                                     0.8107058


# Grain Radius Distribution (um)
--------------------------------------------------
Cumulative probability                  Value
--------------------------------------------------
0.01                                    105.9752497
0.02                                    121.8575962
0.03                                    106.3959402
0.04                                    123.8113009
0.05                                    117.3308212
0.06                                    131.3942214
0.07                                    121.9070586
0.08                                    124.6534499
0.09                                    120.9284765
0.1                                     149.4797921
0.11                                    139.5384552
0.12                                    133.3082804
0.13                                    152.6831603
0.14                                    136.6437993
0.15                                    139.0214601
0.16                                    123.644042
0.17                                    129.9693121
0.18                                    138.8339763
0.19                                    128.6227874
0.2                                     143.2085195
0.21                                    143.1907609
0.22                                    115.0712845
0.23                                    129.8661237
0.24                                    128.4394484
0.25                                    148.7286885
0.26                                    136.6198398
0.27                                    147.2934623
0.28                                    152.4324627
0.29                                    136.5108294
0.3                                     134.2688337
0.31                                    135.3697936
0.32                                    146.758162
0.33                                    118.5511584
0.34                                    145.7143788
0.35                                    131.526332
0.36                                    148.8578588
0.37                                    123.4389847
0.38                                    141.0194644
0.39                                    156.7682657
0.4                                     139.1980642
0.41                                    142.3242847
0.42                                    140.8909044
0.43                                    137.0554411
0.44                                    156.7350798
0.45                                    120.3044221
0.46                                    166.4875383
0.47                                    157.3283534
0.48                                    156.8225082
0.49                                    143.8845139
0.5                                     136.0626136
0.51                                    100.988977
0.52                                    158.761067
0.53                                    150.6589115
0.54                                    150.1373826
0.55                                    163.3845044
0.56                                    131.7449031
0.57                                    130.7055086
0.58                                    138.1641765
0.59                                    148.7706593
0.6                                     149.676032
0.61                                    149.2461989
0.62                                    157.5294836
0.63                                    140.094008
0.64                                    134.240877
0.65                                    150.4578451
0.66                                    137.0496403
0.67                                    150.0335638
0.68                                    127.1929541
0.69                                    159.4983617
0.7                                     156.875834
0.71                                    146.1657613
0.72                                    151.1006712
0.73                                    148.817933
0.74                                    122.600085
0.75                                    143.0337914
0.76                                    144.9447812
0.77                                    147.0603869
0.78                                    161.4447236
0.79                                    141.4902939
0.8                                     144.5024512
0.81                                    141.9093335
0.82                                    154.2358791
0.83                                    144.254804
0.84                                    148.0196995
0.85                                    154.2348411
0.86                                    161.1980257
0.87                                    152.5893796
0.88                                    136.2671181
0.89                                    146.0709401
0.9                                     153.6331453
0.91                                    155.36791
0.92                                    153.6713314
0.93                                    140.8496478
0.94                                    153.9506374
0.95                                    151.1544898
0.96                                    152.8306607
0.97                                    166.897354
0.98                                    140.6425368
0.99                                    144.2597368
1.0                                     161.0937655
