DeePore output results including 15 single-value
paramters, 4 functions and 11 distributions
__________________________________________________
        ### Single-value parameters ###
__________________________________________________

Properties                              Value
--------------------------------------------------
Absolute Permeability (um2)             1.8294462
Formation Factor (ratio)                16.0809881
Cementation Factor (ratio)              1.8491007
pore density (1/um3)                    1.1e-06
Tortuosity (ratio)                      1.4779566
Average Coordination Number             4.4090243
Average Throat Radius (um)              17.6879629
Average Pore Radius (um)                30.3311041
Average Throat Length (um)              90.3261681
Pore to Throat Aspect ratio             3.8104025
Specific Surface (1/um)                 0.0144318
Pore Sphericity (ratio)                 0.7487956
Grain Sphericity (ratio)                0.8160415
Average Grain Radius (um)               45.6625735
Relative Young Module (ratio)           0.0945642

__________________________________________________
       ### Functions and distributions ###
__________________________________________________


# Leveret J Function (ratio)
--------------------------------------------------
Wetting-sat (Sw)                        Value
--------------------------------------------------
0.01                                    2.1552003
0.02                                    2.589104
0.03                                    2.3824457
0.04                                    2.452231
0.05                                    2.1547444
0.06                                    2.0014195
0.07                                    2.3021052
0.08                                    2.2172696
0.09                                    1.8785863
0.1                                     2.4900626
0.11                                    1.7966137
0.12                                    2.6135221
0.13                                    2.0367578
0.14                                    2.3715536
0.15                                    1.7800871
0.16                                    1.8001878
0.17                                    1.8576871
0.18                                    1.7558232
0.19                                    2.0145928
0.2                                     2.4344863
0.21                                    2.3157239
0.22                                    2.2085354
0.23                                    2.0107164
0.24                                    1.903957
0.25                                    2.0541584
0.26                                    2.3995666
0.27                                    2.5352405
0.28                                    2.0209426
0.29                                    2.4246891
0.3                                     2.1702477
0.31                                    2.3931961
0.32                                    2.5885838
0.33                                    2.2179637
0.34                                    2.242149
0.35                                    2.4758128
0.36                                    2.6594953
0.37                                    2.2594695
0.38                                    2.038193
0.39                                    1.8101624
0.4                                     1.9626209
0.41                                    2.7141964
0.42                                    2.0437876
0.43                                    2.4819484
0.44                                    2.1433337
0.45                                    2.2526747
0.46                                    2.0666471
0.47                                    2.0432866
0.48                                    2.3283062
0.49                                    2.0542276
0.5                                     2.4234552
0.51                                    2.5678889
0.52                                    2.6182171
0.53                                    2.303182
0.54                                    2.2831317
0.55                                    2.3435026
0.56                                    2.4594983
0.57                                    2.3251749
0.58                                    2.3216835
0.59                                    2.4192786
0.6                                     2.1633605
0.61                                    1.9609335
0.62                                    2.343112
0.63                                    1.7825573
0.64                                    1.9832643
0.65                                    2.4118016
0.66                                    2.3338843
0.67                                    2.0528609
0.68                                    1.7896902
0.69                                    2.0481472
0.7                                     2.2366866
0.71                                    1.6570775
0.72                                    2.0053472
0.73                                    2.2624806
0.74                                    2.5343706
0.75                                    2.2952821
0.76                                    2.3067245
0.77                                    2.5045377
0.78                                    2.3384994
0.79                                    1.9278701
0.8                                     2.2231375
0.81                                    2.6443416
0.82                                    2.2652214
0.83                                    1.9067038
0.84                                    1.906909
0.85                                    2.3485193
0.86                                    2.008307
0.87                                    2.4893631
0.88                                    2.6763872
0.89                                    1.9810901
0.9                                     2.4710368
0.91                                    2.6745168
0.92                                    2.0052388
0.93                                    1.9487473
0.94                                    2.2169068
0.95                                    2.5976873
0.96                                    2.0736545
0.97                                    2.0916716
0.98                                    2.2495653
0.99                                    2.5375511
1.0                                     2.4954381


# Wetting Relative Permeability (fraction)
--------------------------------------------------
Wetting-sat (Sw)                        Value
--------------------------------------------------
0.01                                    0.4995275
0.02                                    0.4374573
0.03                                    0.5627161
0.04                                    0.5134627
0.05                                    0.5038064
0.06                                    0.4125988
0.07                                    0.4763925
0.08                                    0.4550066
0.09                                    0.5640832
0.1                                     0.471798
0.11                                    0.4943893
0.12                                    0.66648
0.13                                    0.5561671
0.14                                    0.537482
0.15                                    0.4867228
0.16                                    0.4497523
0.17                                    0.4453367
0.18                                    0.4514533
0.19                                    0.4619736
0.2                                     0.4806081
0.21                                    0.5461892
0.22                                    0.6029667
0.23                                    0.4304608
0.24                                    0.4393398
0.25                                    0.5579763
0.26                                    0.5646851
0.27                                    0.5892189
0.28                                    0.4169234
0.29                                    0.4457629
0.3                                     0.4944885
0.31                                    0.4059454
0.32                                    0.5197096
0.33                                    0.4553137
0.34                                    0.3624198
0.35                                    0.4845187
0.36                                    0.4549312
0.37                                    0.4629815
0.38                                    0.4040801
0.39                                    0.5199042
0.4                                     0.4922864
0.41                                    0.2848676
0.42                                    0.4813779
0.43                                    0.4886331
0.44                                    0.5415176
0.45                                    0.5107851
0.46                                    0.5148193
0.47                                    0.4603186
0.48                                    0.3612219
0.49                                    0.4464564
0.5                                     0.4882535
0.51                                    0.4117588
0.52                                    0.4531431
0.53                                    0.4724181
0.54                                    0.5130353
0.55                                    0.4221139
0.56                                    0.4958202
0.57                                    0.4659329
0.58                                    0.4774214
0.59                                    0.448357
0.6                                     0.4789555
0.61                                    0.484781
0.62                                    0.4537792
0.63                                    0.4813932
0.64                                    0.5251971
0.65                                    0.4765746
0.66                                    0.4958543
0.67                                    0.4682458
0.68                                    0.5435057
0.69                                    0.3100926
0.7                                     0.4123806
0.71                                    0.631952
0.72                                    0.5407516
0.73                                    0.5616097
0.74                                    0.5417052
0.75                                    0.4530317
0.76                                    0.5140321
0.77                                    0.4785672
0.78                                    0.5500026
0.79                                    0.5548661
0.8                                     0.48515
0.81                                    0.4731248
0.82                                    0.404652
0.83                                    0.4109085
0.84                                    0.5045856
0.85                                    0.5521491
0.86                                    0.4516903
0.87                                    0.5211256
0.88                                    0.4807516
0.89                                    0.4886472
0.9                                     0.5755148
0.91                                    0.5350707
0.92                                    0.4752554
0.93                                    0.4615116
0.94                                    0.5097933
0.95                                    0.5165929
0.96                                    0.415793
0.97                                    0.5252417
0.98                                    0.5817164
0.99                                    0.5559133
1.0                                     0.4000603


# Non-Wetting Relative Permeability (fraction)
--------------------------------------------------
Wetting-sat (Sw)                        Value
--------------------------------------------------
0.01                                    0.4840769
0.02                                    0.530806
0.03                                    0.5980318
0.04                                    0.4185344
0.05                                    0.5456494
0.06                                    0.5637769
0.07                                    0.4227518
0.08                                    0.4297337
0.09                                    0.5392179
0.1                                     0.4820057
0.11                                    0.5212505
0.12                                    0.4273509
0.13                                    0.4938756
0.14                                    0.5327055
0.15                                    0.4057538
0.16                                    0.4728206
0.17                                    0.513975
0.18                                    0.4543415
0.19                                    0.4655623
0.2                                     0.4667942
0.21                                    0.5048472
0.22                                    0.4372755
0.23                                    0.492528
0.24                                    0.5200244
0.25                                    0.5078875
0.26                                    0.5286461
0.27                                    0.491037
0.28                                    0.4114005
0.29                                    0.5467909
0.3                                     0.459454
0.31                                    0.4990983
0.32                                    0.4869085
0.33                                    0.4192765
0.34                                    0.5460501
0.35                                    0.5142037
0.36                                    0.4454339
0.37                                    0.5249799
0.38                                    0.5383263
0.39                                    0.4792808
0.4                                     0.456461
0.41                                    0.435353
0.42                                    0.5576152
0.43                                    0.5126834
0.44                                    0.4643775
0.45                                    0.5312021
0.46                                    0.489414
0.47                                    0.5543909
0.48                                    0.4304423
0.49                                    0.5035252
0.5                                     0.4728312
0.51                                    0.4511762
0.52                                    0.5569108
0.53                                    0.5212805
0.54                                    0.4939231
0.55                                    0.5695981
0.56                                    0.4489802
0.57                                    0.5812218
0.58                                    0.5100011
0.59                                    0.406138
0.6                                     0.5143473
0.61                                    0.4270335
0.62                                    0.3871901
0.63                                    0.5100527
0.64                                    0.5376976
0.65                                    0.4089201
0.66                                    0.5267526
0.67                                    0.5266462
0.68                                    0.4895336
0.69                                    0.54712
0.7                                     0.5665858
0.71                                    0.4929317
0.72                                    0.4815622
0.73                                    0.5221234
0.74                                    0.5927872
0.75                                    0.4508552
0.76                                    0.5713628
0.77                                    0.4912287
0.78                                    0.5292814
0.79                                    0.6353498
0.8                                     0.4303541
0.81                                    0.5557718
0.82                                    0.6125771
0.83                                    0.399629
0.84                                    0.5432381
0.85                                    0.4794871
0.86                                    0.5267167
0.87                                    0.5233798
0.88                                    0.4165938
0.89                                    0.546268
0.9                                     0.5572519
0.91                                    0.4535453
0.92                                    0.5141885
0.93                                    0.5079118
0.94                                    0.4495783
0.95                                    0.4708064
0.96                                    0.5302609
0.97                                    0.4303193
0.98                                    0.4651798
0.99                                    0.4863315
1.0                                     0.5228369


# Two-point Correlation Function (1/um)
--------------------------------------------------
lag (px)                                Value
--------------------------------------------------
0.5                                     0.2779375
1.0                                     0.2310572
1.5                                     0.2476386
2.0                                     0.2701151
2.5                                     0.2456713
3.0                                     0.2167679
3.5                                     0.2361528
4.0                                     0.2715899
4.5                                     0.287248
5.0                                     0.2424339
5.5                                     0.2424807
6.0                                     0.2768912
6.5                                     0.2943653
7.0                                     0.262456
7.5                                     0.1788994
8.0                                     0.2098462
8.5                                     0.2229542
9.0                                     0.2503075
9.5                                     0.2462337
10.0                                    0.2343411
10.5                                    0.2850563
11.0                                    0.2493185
11.5                                    0.2376184
12.0                                    0.2402158
12.5                                    0.2537814
13.0                                    0.2779526
13.5                                    0.239323
14.0                                    0.2436194
14.5                                    0.2679951
15.0                                    0.2352004
15.5                                    0.2651726
16.0                                    0.2612176
16.5                                    0.2063843
17.0                                    0.2384957
17.5                                    0.2673348
18.0                                    0.2347652
18.5                                    0.2248366
19.0                                    0.2740107
19.5                                    0.2368224
20.0                                    0.2075147
20.5                                    0.2603594
21.0                                    0.2331045
21.5                                    0.18049
22.0                                    0.1974962
22.5                                    0.2354692
23.0                                    0.2730691
23.5                                    0.2474575
24.0                                    0.2437462
24.5                                    0.22196
25.0                                    0.2365526
25.5                                    0.2725359
26.0                                    0.2472945
26.5                                    0.1951903
27.0                                    0.2702811
27.5                                    0.2528551
28.0                                    0.2339618
28.5                                    0.1961661
29.0                                    0.2652297
29.5                                    0.2169357
30.0                                    0.2019001
30.5                                    0.2732358
31.0                                    0.2438745
31.5                                    0.2624117
32.0                                    0.2702634
32.5                                    0.178284
33.0                                    0.3200617
33.5                                    0.2417506
34.0                                    0.2519798
34.5                                    0.2052955
35.0                                    0.2209392
35.5                                    0.2299701
36.0                                    0.2357684
36.5                                    0.2140532
37.0                                    0.2983451
37.5                                    0.1973254
38.0                                    0.2535373
38.5                                    0.2494696
39.0                                    0.2567596
39.5                                    0.2634268
40.0                                    0.2311041
40.5                                    0.2046945
41.0                                    0.2355087
41.5                                    0.2540264
42.0                                    0.2883358
42.5                                    0.2316523
43.0                                    0.2086515
43.5                                    0.2600095
44.0                                    0.2570346
44.5                                    0.1979036
45.0                                    0.2384108
45.5                                    0.2729097
46.0                                    0.2318533
46.5                                    0.270272
47.0                                    0.1884861
47.5                                    0.2441166
48.0                                    0.2758363
48.5                                    0.2694173
49.0                                    0.2165723
49.5                                    0.2456252
50.0                                    0.2199952


# Pore Radius Distribution (um)
--------------------------------------------------
Cumulative probability                  Value
--------------------------------------------------
0.01                                    25.2903483
0.02                                    31.884099
0.03                                    27.8692075
0.04                                    28.4192859
0.05                                    26.4577923
0.06                                    24.3447612
0.07                                    28.0375611
0.08                                    25.6150663
0.09                                    27.8806136
0.1                                     26.044799
0.11                                    27.7143288
0.12                                    28.3885477
0.13                                    28.2016993
0.14                                    25.6845021
0.15                                    35.7088518
0.16                                    26.7990535
0.17                                    27.5160704
0.18                                    30.0637435
0.19                                    29.3798734
0.2                                     25.3286222
0.21                                    26.7761392
0.22                                    28.7307587
0.23                                    29.3059288
0.24                                    25.2523426
0.25                                    26.9566998
0.26                                    32.1017905
0.27                                    26.5314805
0.28                                    27.747457
0.29                                    25.5959688
0.3                                     27.2987863
0.31                                    28.1221597
0.32                                    23.179171
0.33                                    27.5093235
0.34                                    23.4112452
0.35                                    29.1737752
0.36                                    28.9102832
0.37                                    30.7487558
0.38                                    28.5404223
0.39                                    27.0305789
0.4                                     25.9743614
0.41                                    24.094154
0.42                                    24.8083164
0.43                                    26.3427402
0.44                                    27.4959242
0.45                                    28.5968417
0.46                                    27.3628228
0.47                                    29.3624614
0.48                                    32.2738085
0.49                                    29.6509308
0.5                                     27.9343077
0.51                                    28.8186895
0.52                                    31.8356035
0.53                                    32.8188313
0.54                                    26.7183132
0.55                                    25.7662368
0.56                                    22.3479485
0.57                                    29.8286511
0.58                                    26.122162
0.59                                    27.3653252
0.6                                     28.1221661
0.61                                    28.4230072
0.62                                    29.8741052
0.63                                    27.6729233
0.64                                    25.1704572
0.65                                    25.6547957
0.66                                    28.8490174
0.67                                    24.5225932
0.68                                    28.5868356
0.69                                    31.452647
0.7                                     21.883461
0.71                                    25.9832483
0.72                                    27.4853752
0.73                                    27.7957694
0.74                                    27.9029736
0.75                                    23.3785119
0.76                                    24.0725839
0.77                                    22.9626826
0.78                                    33.112591
0.79                                    30.3715959
0.8                                     22.7258713
0.81                                    29.0085351
0.82                                    23.9603656
0.83                                    24.4552416
0.84                                    27.4597229
0.85                                    30.6912427
0.86                                    28.1816897
0.87                                    31.8109143
0.88                                    25.8184255
0.89                                    25.4711838
0.9                                     26.0440387
0.91                                    24.5404601
0.92                                    30.3587219
0.93                                    32.5067764
0.94                                    31.3267619
0.95                                    27.2517255
0.96                                    26.9974614
0.97                                    27.8835118
0.98                                    28.3422414
0.99                                    26.6450957
1.0                                     29.284949


# Throat Radius Distribution (um)
--------------------------------------------------
Cumulative probability                  Value
--------------------------------------------------
0.01                                    32.6384572
0.02                                    34.1359724
0.03                                    27.1776509
0.04                                    26.0720135
0.05                                    29.5590523
0.06                                    32.2904064
0.07                                    32.4907345
0.08                                    37.0196135
0.09                                    35.3175951
0.1                                     27.890631
0.11                                    25.1493266
0.12                                    31.6597677
0.13                                    30.2699575
0.14                                    28.2725514
0.15                                    31.4811487
0.16                                    33.4033062
0.17                                    34.0143413
0.18                                    33.8587154
0.19                                    28.3236955
0.2                                     30.9154386
0.21                                    32.7049528
0.22                                    26.5122171
0.23                                    27.409133
0.24                                    31.6603048
0.25                                    32.9009193
0.26                                    26.7772417
0.27                                    32.6999433
0.28                                    31.7253835
0.29                                    29.2189578
0.3                                     33.8487782
0.31                                    32.9008082
0.32                                    27.4777969
0.33                                    32.7254357
0.34                                    33.5752873
0.35                                    29.286098
0.36                                    31.9278707
0.37                                    30.7737955
0.38                                    27.9102708
0.39                                    25.8817612
0.4                                     40.1796858
0.41                                    24.4015515
0.42                                    33.193938
0.43                                    30.1189286
0.44                                    26.5983122
0.45                                    30.7200688
0.46                                    34.8207394
0.47                                    31.6550598
0.48                                    31.1441854
0.49                                    34.8226854
0.5                                     28.4259824
0.51                                    32.500289
0.52                                    26.2711463
0.53                                    30.3920338
0.54                                    34.5149372
0.55                                    30.9147065
0.56                                    34.719195
0.57                                    36.1561657
0.58                                    32.8426492
0.59                                    34.6140103
0.6                                     33.1446007
0.61                                    25.3371245
0.62                                    34.1933836
0.63                                    33.7060702
0.64                                    31.4171981
0.65                                    28.0458517
0.66                                    33.8208138
0.67                                    33.0370502
0.68                                    35.8113453
0.69                                    30.4125087
0.7                                     35.0738469
0.71                                    31.1412956
0.72                                    31.468761
0.73                                    33.8124629
0.74                                    29.2057307
0.75                                    27.8598941
0.76                                    31.5764336
0.77                                    29.9885739
0.78                                    29.3787275
0.79                                    29.6258322
0.8                                     29.2616394
0.81                                    32.0712822
0.82                                    26.4404196
0.83                                    28.5867334
0.84                                    32.4298646
0.85                                    31.1013566
0.86                                    28.9016267
0.87                                    29.827512
0.88                                    29.8416889
0.89                                    30.8987435
0.9                                     26.1531503
0.91                                    33.3623235
0.92                                    30.9904618
0.93                                    38.3955538
0.94                                    34.7027507
0.95                                    27.6254218
0.96                                    29.4723392
0.97                                    34.7053828
0.98                                    32.6388507
0.99                                    29.2912758
1.0                                     33.5013753


# Throat Lenght Distribution (um)
--------------------------------------------------
Cumulative probability                  Value
--------------------------------------------------
0.01                                    83.8494548
0.02                                    86.6161653
0.03                                    57.8083247
0.04                                    84.7113834
0.05                                    78.2134076
0.06                                    83.8245427
0.07                                    80.0614824
0.08                                    76.9383445
0.09                                    81.8587624
0.1                                     83.9516065
0.11                                    80.193576
0.12                                    86.8490444
0.13                                    89.3665505
0.14                                    77.2928305
0.15                                    71.0625668
0.16                                    76.4963028
0.17                                    81.946279
0.18                                    82.6039771
0.19                                    78.8077094
0.2                                     89.624819
0.21                                    84.3100178
0.22                                    101.6061188
0.23                                    84.5562172
0.24                                    77.0632028
0.25                                    80.8390949
0.26                                    85.5303033
0.27                                    72.4805458
0.28                                    72.576488
0.29                                    93.6646697
0.3                                     82.7658817
0.31                                    82.6665466
0.32                                    83.6581715
0.33                                    87.0886517
0.34                                    80.8771148
0.35                                    80.6969074
0.36                                    86.7456419
0.37                                    87.6376859
0.38                                    87.1222767
0.39                                    92.5319096
0.4                                     73.8082982
0.41                                    84.4193775
0.42                                    94.9984747
0.43                                    92.4035269
0.44                                    82.6084828
0.45                                    91.1545711
0.46                                    96.0233615
0.47                                    77.9208911
0.48                                    69.620047
0.49                                    83.1536089
0.5                                     94.1553451
0.51                                    79.4950254
0.52                                    81.5582367
0.53                                    83.800863
0.54                                    73.273179
0.55                                    70.7911183
0.56                                    79.9595552
0.57                                    88.6339539
0.58                                    86.2289249
0.59                                    91.6996463
0.6                                     91.9942645
0.61                                    89.3247404
0.62                                    93.3263929
0.63                                    88.1780813
0.64                                    88.0348213
0.65                                    83.8136007
0.66                                    96.0900985
0.67                                    77.2936519
0.68                                    71.2296101
0.69                                    73.1158446
0.7                                     85.6212127
0.71                                    79.6237368
0.72                                    85.3578464
0.73                                    78.1586933
0.74                                    88.5218954
0.75                                    101.4481964
0.76                                    95.5970411
0.77                                    78.6739125
0.78                                    99.2798515
0.79                                    73.7899101
0.8                                     78.7948468
0.81                                    85.4644398
0.82                                    103.0469798
0.83                                    76.1606959
0.84                                    62.7150467
0.85                                    86.7550317
0.86                                    90.5797518
0.87                                    86.5646954
0.88                                    81.9211318
0.89                                    78.5311956
0.9                                     99.3776758
0.91                                    94.6116287
0.92                                    76.5323974
0.93                                    74.1336668
0.94                                    97.37312
0.95                                    104.4129629
0.96                                    77.9338076
0.97                                    96.2850803
0.98                                    74.5671253
0.99                                    70.2484203
1.0                                     85.3984673


# Pore Inscribed Radius Distribution (um)
--------------------------------------------------
Cumulative probability                  Value
--------------------------------------------------
0.01                                    30.7894877
0.02                                    27.9155843
0.03                                    28.3891609
0.04                                    24.245837
0.05                                    26.1489977
0.06                                    25.341883
0.07                                    21.0910034
0.08                                    21.477484
0.09                                    23.4329165
0.1                                     25.4554257
0.11                                    26.5217907
0.12                                    22.2613265
0.13                                    24.9994418
0.14                                    32.0993166
0.15                                    29.887179
0.16                                    24.9017463
0.17                                    31.0914099
0.18                                    21.3614416
0.19                                    22.0925616
0.2                                     26.0619021
0.21                                    25.8997651
0.22                                    24.4507166
0.23                                    23.738515
0.24                                    27.1302673
0.25                                    20.4230075
0.26                                    26.671477
0.27                                    22.5745307
0.28                                    27.3058973
0.29                                    23.9939594
0.3                                     27.6372303
0.31                                    25.6625548
0.32                                    28.8031063
0.33                                    28.7180032
0.34                                    24.8588798
0.35                                    25.3773004
0.36                                    25.9322133
0.37                                    29.0312046
0.38                                    23.2980491
0.39                                    25.7038728
0.4                                     24.4766632
0.41                                    25.2441688
0.42                                    21.1504718
0.43                                    27.1768762
0.44                                    24.8457505
0.45                                    27.7364019
0.46                                    25.5010091
0.47                                    26.1554525
0.48                                    27.9316689
0.49                                    29.9266737
0.5                                     24.9685465
0.51                                    22.01009
0.52                                    25.8965412
0.53                                    25.4672998
0.54                                    25.2805051
0.55                                    20.0748127
0.56                                    26.6375546
0.57                                    22.4037825
0.58                                    26.6682683
0.59                                    26.2634368
0.6                                     23.3420697
0.61                                    21.4285546
0.62                                    22.4929926
0.63                                    25.1638022
0.64                                    20.6254631
0.65                                    27.4254385
0.66                                    26.5471111
0.67                                    25.6201803
0.68                                    28.5730821
0.69                                    24.6661954
0.7                                     21.6971067
0.71                                    26.0170998
0.72                                    20.8189597
0.73                                    30.1696866
0.74                                    22.777146
0.75                                    28.0672503
0.76                                    23.3045632
0.77                                    28.0782748
0.78                                    23.5384375
0.79                                    24.3156468
0.8                                     23.2268629
0.81                                    22.0405289
0.82                                    28.0293506
0.83                                    22.0921719
0.84                                    25.9375834
0.85                                    19.970474
0.86                                    26.1536138
0.87                                    26.2207582
0.88                                    24.7651818
0.89                                    22.7165274
0.9                                     21.8150432
0.91                                    24.1350563
0.92                                    27.181029
0.93                                    27.9873973
0.94                                    21.5295419
0.95                                    25.1581184
0.96                                    23.648906
0.97                                    26.1961448
0.98                                    26.2580835
0.99                                    25.5643072
1.0                                     25.4538279


# Throat Inscribed Radius Distribution (um)
--------------------------------------------------
Cumulative probability                  Value
--------------------------------------------------
0.01                                    21.1519112
0.02                                    25.1730549
0.03                                    21.4788171
0.04                                    20.6548664
0.05                                    23.2411517
0.06                                    26.0495108
0.07                                    22.4776731
0.08                                    25.9116496
0.09                                    25.6395987
0.1                                     24.6340103
0.11                                    25.7466766
0.12                                    26.9940211
0.13                                    23.3667302
0.14                                    23.1416728
0.15                                    18.0417052
0.16                                    23.869444
0.17                                    23.5490971
0.18                                    18.9355679
0.19                                    22.7667039
0.2                                     18.9330751
0.21                                    23.3509877
0.22                                    22.5932044
0.23                                    28.9835883
0.24                                    16.5613373
0.25                                    23.7856584
0.26                                    22.7613641
0.27                                    23.1415955
0.28                                    17.9004286
0.29                                    25.1760442
0.3                                     22.5168827
0.31                                    22.9130857
0.32                                    25.3923765
0.33                                    24.8020005
0.34                                    24.8961928
0.35                                    27.2362367
0.36                                    23.296905
0.37                                    26.8186698
0.38                                    23.5214311
0.39                                    23.9093608
0.4                                     23.1024858
0.41                                    21.8625862
0.42                                    25.7631176
0.43                                    24.4036953
0.44                                    21.5570429
0.45                                    23.4057724
0.46                                    20.9456724
0.47                                    25.0381479
0.48                                    19.5227587
0.49                                    24.1378183
0.5                                     22.526539
0.51                                    21.5390577
0.52                                    22.297696
0.53                                    21.3143535
0.54                                    21.0035514
0.55                                    23.1720564
0.56                                    23.3572974
0.57                                    21.4017275
0.58                                    22.6520971
0.59                                    17.1355277
0.6                                     20.5550123
0.61                                    22.6343759
0.62                                    20.5469189
0.63                                    20.9811814
0.64                                    24.4377193
0.65                                    20.563763
0.66                                    20.1379743
0.67                                    23.2670653
0.68                                    22.4596368
0.69                                    24.4057258
0.7                                     21.4955608
0.71                                    21.9016864
0.72                                    20.3161285
0.73                                    25.0721765
0.74                                    21.2240804
0.75                                    22.1658763
0.76                                    25.2895779
0.77                                    22.8134268
0.78                                    21.505467
0.79                                    23.0415874
0.8                                     25.9921565
0.81                                    22.729154
0.82                                    25.2882007
0.83                                    21.6548522
0.84                                    21.639635
0.85                                    23.9440934
0.86                                    23.0183121
0.87                                    19.9976132
0.88                                    21.8826677
0.89                                    18.6666937
0.9                                     24.1791423
0.91                                    27.0516737
0.92                                    20.1063725
0.93                                    20.5654615
0.94                                    21.5838561
0.95                                    24.3144333
0.96                                    23.0615931
0.97                                    26.3097703
0.98                                    23.2499571
0.99                                    21.5507659
1.0                                     25.3532829


# Throat Average Distance (um)
--------------------------------------------------
Cumulative probability                  Value
--------------------------------------------------
0.01                                    20.3525217
0.02                                    14.2877923
0.03                                    15.8328962
0.04                                    21.2243935
0.05                                    14.4059991
0.06                                    17.5102079
0.07                                    19.1688135
0.08                                    16.0840715
0.09                                    17.51747
0.1                                     14.6612636
0.11                                    17.394544
0.12                                    15.0784756
0.13                                    16.6321432
0.14                                    16.8734823
0.15                                    15.3541952
0.16                                    16.7528347
0.17                                    15.8385972
0.18                                    16.37783
0.19                                    17.1781443
0.2                                     16.635182
0.21                                    16.6690776
0.22                                    18.8237052
0.23                                    18.4157593
0.24                                    13.5752771
0.25                                    17.4189857
0.26                                    22.868882
0.27                                    17.0456561
0.28                                    16.63182
0.29                                    14.826536
0.3                                     18.7549518
0.31                                    15.1374817
0.32                                    21.432311
0.33                                    16.2439551
0.34                                    15.509846
0.35                                    19.1777777
0.36                                    12.7246758
0.37                                    17.5490171
0.38                                    17.5272574
0.39                                    18.7006907
0.4                                     15.6964969
0.41                                    15.6140135
0.42                                    14.5568421
0.43                                    17.9139298
0.44                                    14.7331278
0.45                                    18.1270669
0.46                                    15.1054596
0.47                                    17.1500248
0.48                                    16.343482
0.49                                    18.9304674
0.5                                     18.7205178
0.51                                    19.4202041
0.52                                    15.8187849
0.53                                    16.2123082
0.54                                    15.4401005
0.55                                    17.9927051
0.56                                    15.9603574
0.57                                    18.8608314
0.58                                    18.9308904
0.59                                    18.6621882
0.6                                     16.6773845
0.61                                    16.1859225
0.62                                    18.2108851
0.63                                    17.974045
0.64                                    19.644018
0.65                                    19.0764385
0.66                                    15.5914499
0.67                                    17.6108049
0.68                                    18.7105547
0.69                                    15.5180346
0.7                                     17.5787953
0.71                                    13.7815216
0.72                                    15.6584216
0.73                                    18.5618965
0.74                                    14.9573143
0.75                                    17.5093265
0.76                                    19.1156511
0.77                                    16.6864873
0.78                                    18.3278097
0.79                                    18.6822924
0.8                                     15.4785919
0.81                                    18.6067326
0.82                                    14.4855274
0.83                                    18.8414053
0.84                                    20.2754836
0.85                                    17.540667
0.86                                    19.9182557
0.87                                    19.5210919
0.88                                    17.1161067
0.89                                    14.8152166
0.9                                     17.430034
0.91                                    17.5151852
0.92                                    17.2319304
0.93                                    16.6644342
0.94                                    22.1701706
0.95                                    17.602118
0.96                                    19.8661533
0.97                                    17.5506239
0.98                                    16.5597219
0.99                                    12.9177534
1.0                                     17.7687196


# Throat Permeability Distribution (um2)
--------------------------------------------------
Cumulative probability                  Value
--------------------------------------------------
0.01                                    845.9143702
0.02                                    761.5063076
0.03                                    662.8102384
0.04                                    760.5423611
0.05                                    736.4743658
0.06                                    625.3773497
0.07                                    619.5770758
0.08                                    692.3496044
0.09                                    797.8763841
0.1                                     649.2261244
0.11                                    692.9769499
0.12                                    668.4328044
0.13                                    613.3710843
0.14                                    661.9738365
0.15                                    596.2007655
0.16                                    680.4910464
0.17                                    593.5778225
0.18                                    573.5412083
0.19                                    701.9651629
0.2                                     826.3899892
0.21                                    798.2313503
0.22                                    689.1760343
0.23                                    647.5561025
0.24                                    877.661188
0.25                                    746.2950808
0.26                                    713.1171
0.27                                    837.3224704
0.28                                    740.7056072
0.29                                    659.739193
0.3                                     648.1419031
0.31                                    717.5114662
0.32                                    794.426278
0.33                                    550.3893985
0.34                                    540.030644
0.35                                    828.6692911
0.36                                    611.0841058
0.37                                    768.6711904
0.38                                    782.0731671
0.39                                    691.732942
0.4                                     697.2463285
0.41                                    786.4867169
0.42                                    708.9601376
0.43                                    689.9657129
0.44                                    718.0887717
0.45                                    732.7402023
0.46                                    707.4347363
0.47                                    572.2469036
0.48                                    648.0672872
0.49                                    706.3573572
0.5                                     747.0955655
0.51                                    707.3508709
0.52                                    593.8665234
0.53                                    729.7962522
0.54                                    776.9345242
0.55                                    709.2171262
0.56                                    708.7642091
0.57                                    690.5149759
0.58                                    756.6681989
0.59                                    807.398234
0.6                                     761.694185
0.61                                    778.2248649
0.62                                    827.1819414
0.63                                    748.9760721
0.64                                    547.0743373
0.65                                    765.1215767
0.66                                    580.0878131
0.67                                    657.4960543
0.68                                    569.0864774
0.69                                    631.5083026
0.7                                     732.4316009
0.71                                    642.3234033
0.72                                    869.7783217
0.73                                    697.2323821
0.74                                    709.8838499
0.75                                    796.6747502
0.76                                    720.5998656
0.77                                    779.6387274
0.78                                    754.1828526
0.79                                    630.5467152
0.8                                     791.8014841
0.81                                    754.3868749
0.82                                    690.9903344
0.83                                    734.8441234
0.84                                    748.9725039
0.85                                    643.3578092
0.86                                    738.3259258
0.87                                    896.1378105
0.88                                    508.8717989
0.89                                    611.9544561
0.9                                     584.3723149
0.91                                    826.801447
0.92                                    840.3957305
0.93                                    778.3364304
0.94                                    574.6290137
0.95                                    760.8747252
0.96                                    673.4781827
0.97                                    685.6738019
0.98                                    622.4509677
0.99                                    664.5613599
1.0                                     713.1061601


# Coordination Number Distribution
--------------------------------------------------
Cumulative probability                  Value
--------------------------------------------------
0.01                                    35.1557032
0.02                                    35.9099758
0.03                                    35.3529756
0.04                                    43.0520397
0.05                                    36.2508867
0.06                                    37.0940544
0.07                                    33.3090244
0.08                                    32.1240993
0.09                                    37.5152301
0.1                                     32.4198257
0.11                                    43.5913432
0.12                                    37.8620945
0.13                                    42.4873067
0.14                                    37.7684529
0.15                                    40.985935
0.16                                    35.5945163
0.17                                    41.5556334
0.18                                    41.1836589
0.19                                    35.4736643
0.2                                     40.5151491
0.21                                    27.8231557
0.22                                    41.5998813
0.23                                    32.4227668
0.24                                    25.456069
0.25                                    43.960039
0.26                                    36.8195062
0.27                                    38.0451206
0.28                                    39.7651032
0.29                                    44.5615596
0.3                                     44.7274308
0.31                                    36.4975869
0.32                                    42.3330525
0.33                                    36.7327725
0.34                                    41.027618
0.35                                    33.4861498
0.36                                    33.7471
0.37                                    33.2219886
0.38                                    38.3606995
0.39                                    32.4961443
0.4                                     35.5929403
0.41                                    34.3319014
0.42                                    31.9654102
0.43                                    38.9454513
0.44                                    37.8494592
0.45                                    48.9107805
0.46                                    39.3405726
0.47                                    38.0414168
0.48                                    34.8048995
0.49                                    42.8017201
0.5                                     34.0929998
0.51                                    37.4167132
0.52                                    32.3724314
0.53                                    32.2022288
0.54                                    39.9849993
0.55                                    37.8969462
0.56                                    46.2396585
0.57                                    40.0139714
0.58                                    32.4416717
0.59                                    35.9084779
0.6                                     41.631656
0.61                                    37.313758
0.62                                    43.3575867
0.63                                    32.4396412
0.64                                    39.1097692
0.65                                    39.2206423
0.66                                    37.9259711
0.67                                    39.4720956
0.68                                    41.2881844
0.69                                    38.5980952
0.7                                     33.0205509
0.71                                    39.9688945
0.72                                    45.7003092
0.73                                    35.2470013
0.74                                    32.440008
0.75                                    43.8193937
0.76                                    47.6330637
0.77                                    36.2430976
0.78                                    34.1093148
0.79                                    41.1055842
0.8                                     41.8947811
0.81                                    33.5731715
0.82                                    34.4929932
0.83                                    40.6755519
0.84                                    39.4076946
0.85                                    40.1838582
0.86                                    34.7034281
0.87                                    35.8294838
0.88                                    32.0717763
0.89                                    40.6262308
0.9                                     37.1457282
0.91                                    39.0324696
0.92                                    33.0735265
0.93                                    33.678991
0.94                                    44.4944683
0.95                                    41.0706184
0.96                                    39.4629804
0.97                                    38.0704079
0.98                                    29.7817497
0.99                                    37.0280936
1.0                                     31.9795125


# Pore Sphericity Distribution (ratio)
--------------------------------------------------
Cumulative probability                  Value
--------------------------------------------------
0.01                                    0.670227
0.02                                    0.6633266
0.03                                    0.6483534
0.04                                    0.5947357
0.05                                    0.6086998
0.06                                    0.685638
0.07                                    0.5828623
0.08                                    0.6645455
0.09                                    0.71785
0.1                                     0.6222169
0.11                                    0.6322979
0.12                                    0.6316912
0.13                                    0.678417
0.14                                    0.6490115
0.15                                    0.6154218
0.16                                    0.7053147
0.17                                    0.7112645
0.18                                    0.6086756
0.19                                    0.6659444
0.2                                     0.6417693
0.21                                    0.7243446
0.22                                    0.6321201
0.23                                    0.7362785
0.24                                    0.6857537
0.25                                    0.7375782
0.26                                    0.6470456
0.27                                    0.6516747
0.28                                    0.6030624
0.29                                    0.6541635
0.3                                     0.673581
0.31                                    0.6995856
0.32                                    0.6723791
0.33                                    0.6833109
0.34                                    0.6314807
0.35                                    0.6454455
0.36                                    0.6854872
0.37                                    0.6418861
0.38                                    0.6004475
0.39                                    0.6724047
0.4                                     0.6601864
0.41                                    0.7124758
0.42                                    0.6434763
0.43                                    0.6598264
0.44                                    0.6494716
0.45                                    0.6343671
0.46                                    0.6012532
0.47                                    0.6887188
0.48                                    0.6718952
0.49                                    0.64404
0.5                                     0.6436067
0.51                                    0.5913519
0.52                                    0.6583577
0.53                                    0.5866934
0.54                                    0.6509804
0.55                                    0.6898279
0.56                                    0.6672272
0.57                                    0.6508911
0.58                                    0.6667265
0.59                                    0.650582
0.6                                     0.640095
0.61                                    0.6209071
0.62                                    0.6747109
0.63                                    0.6474062
0.64                                    0.7050069
0.65                                    0.659859
0.66                                    0.6909702
0.67                                    0.6407287
0.68                                    0.6563019
0.69                                    0.6790422
0.7                                     0.6895111
0.71                                    0.6220425
0.72                                    0.6795003
0.73                                    0.7099602
0.74                                    0.6303878
0.75                                    0.6278609
0.76                                    0.6443409
0.77                                    0.6646784
0.78                                    0.6265322
0.79                                    0.647562
0.8                                     0.6997042
0.81                                    0.5816065
0.82                                    0.6951752
0.83                                    0.6107428
0.84                                    0.6637489
0.85                                    0.6379582
0.86                                    0.7036206
0.87                                    0.7060144
0.88                                    0.7246591
0.89                                    0.6878743
0.9                                     0.5988801
0.91                                    0.6326246
0.92                                    0.7231826
0.93                                    0.638851
0.94                                    0.6259703
0.95                                    0.645132
0.96                                    0.6631462
0.97                                    0.7086206
0.98                                    0.6411728
0.99                                    0.6715576
1.0                                     0.6833698


# Grain Sphericity Distribution (ratio)
--------------------------------------------------
Cumulative probability                  Value
--------------------------------------------------
0.01                                    0.677127
0.02                                    0.6572476
0.03                                    0.6931716
0.04                                    0.7320381
0.05                                    0.6417078
0.06                                    0.6554536
0.07                                    0.6792136
0.08                                    0.6643085
0.09                                    0.682978
0.1                                     0.6783324
0.11                                    0.7334113
0.12                                    0.6868153
0.13                                    0.7473323
0.14                                    0.6525384
0.15                                    0.7191223
0.16                                    0.672241
0.17                                    0.7224493
0.18                                    0.7529518
0.19                                    0.6776193
0.2                                     0.7016799
0.21                                    0.687308
0.22                                    0.7346089
0.23                                    0.690368
0.24                                    0.64653
0.25                                    0.6810925
0.26                                    0.6672522
0.27                                    0.6517277
0.28                                    0.7189608
0.29                                    0.6905973
0.3                                     0.7620198
0.31                                    0.7320597
0.32                                    0.635556
0.33                                    0.7430195
0.34                                    0.6725436
0.35                                    0.6716986
0.36                                    0.7019052
0.37                                    0.6666185
0.38                                    0.7109279
0.39                                    0.6665402
0.4                                     0.6630338
0.41                                    0.7117767
0.42                                    0.7716505
0.43                                    0.7054464
0.44                                    0.7103416
0.45                                    0.6467064
0.46                                    0.7253808
0.47                                    0.709225
0.48                                    0.6246248
0.49                                    0.6779304
0.5                                     0.6936113
0.51                                    0.6785665
0.52                                    0.6564967
0.53                                    0.6511389
0.54                                    0.6245352
0.55                                    0.7096101
0.56                                    0.6863975
0.57                                    0.7251151
0.58                                    0.6703107
0.59                                    0.7074298
0.6                                     0.6890996
0.61                                    0.7264972
0.62                                    0.6927138
0.63                                    0.730399
0.64                                    0.6634527
0.65                                    0.6533465
0.66                                    0.7235562
0.67                                    0.6809426
0.68                                    0.6811959
0.69                                    0.6853756
0.7                                     0.6523848
0.71                                    0.6847084
0.72                                    0.6477776
0.73                                    0.6637782
0.74                                    0.7495347
0.75                                    0.7294978
0.76                                    0.6526034
0.77                                    0.6800381
0.78                                    0.7029418
0.79                                    0.689922
0.8                                     0.7054906
0.81                                    0.7270763
0.82                                    0.7051055
0.83                                    0.7544666
0.84                                    0.6722983
0.85                                    0.6946989
0.86                                    0.6576219
0.87                                    0.6732705
0.88                                    0.6864936
0.89                                    0.6692852
0.9                                     0.7480823
0.91                                    0.6845895
0.92                                    0.7114808
0.93                                    0.7473867
0.94                                    0.6495427
0.95                                    0.6830927
0.96                                    0.7159635
0.97                                    0.7095072
0.98                                    0.6816397
0.99                                    0.7128552
1.0                                     0.6626965


# Grain Radius Distribution (um)
--------------------------------------------------
Cumulative probability                  Value
--------------------------------------------------
0.01                                    37.727417
0.02                                    39.539019
0.03                                    31.5087694
0.04                                    36.4231813
0.05                                    38.5083929
0.06                                    36.0365997
0.07                                    30.0716411
0.08                                    34.2616694
0.09                                    32.0475202
0.1                                     36.373763
0.11                                    26.1209566
0.12                                    34.2838277
0.13                                    34.8991722
0.14                                    25.2288415
0.15                                    31.792208
0.16                                    38.6951677
0.17                                    40.1157848
0.18                                    34.3598388
0.19                                    37.3185984
0.2                                     42.0112374
0.21                                    42.0321396
0.22                                    38.8677716
0.23                                    39.9961193
0.24                                    45.9349228
0.25                                    40.7166708
0.26                                    36.1456786
0.27                                    33.5059804
0.28                                    36.3675309
0.29                                    38.7031393
0.3                                     29.1906346
0.31                                    31.9299202
0.32                                    34.8014931
0.33                                    35.0547688
0.34                                    33.6945589
0.35                                    32.9442104
0.36                                    34.4795968
0.37                                    34.5472312
0.38                                    35.0500832
0.39                                    42.3781213
0.4                                     40.7862583
0.41                                    37.372713
0.42                                    39.2905589
0.43                                    37.4307644
0.44                                    36.081103
0.45                                    29.173647
0.46                                    38.0457637
0.47                                    36.2038548
0.48                                    32.430512
0.49                                    38.1316183
0.5                                     39.3039486
0.51                                    44.4001909
0.52                                    40.9456977
0.53                                    40.9199021
0.54                                    36.3552986
0.55                                    40.8366216
0.56                                    33.3741173
0.57                                    35.7306169
0.58                                    36.4139415
0.59                                    40.857663
0.6                                     35.8519414
0.61                                    34.5253706
0.62                                    39.2006875
0.63                                    36.2016599
0.64                                    44.0087949
0.65                                    39.8015159
0.66                                    35.4469053
0.67                                    32.5146271
0.68                                    32.9903568
0.69                                    37.5770613
0.7                                     36.1710437
0.71                                    37.1793509
0.72                                    38.6273317
0.73                                    41.483913
0.74                                    35.1134852
0.75                                    44.0901155
0.76                                    41.4914411
0.77                                    36.0871248
0.78                                    35.8583041
0.79                                    35.7570151
0.8                                     35.8843179
0.81                                    37.1152871
0.82                                    31.2345988
0.83                                    36.094105
0.84                                    44.4899844
0.85                                    29.7720201
0.86                                    38.6699227
0.87                                    33.8151249
0.88                                    36.714661
0.89                                    37.9663077
0.9                                     33.5337753
0.91                                    29.3478808
0.92                                    39.7024165
0.93                                    44.054945
0.94                                    31.961576
0.95                                    40.3819286
0.96                                    43.3816465
0.97                                    35.5129667
0.98                                    41.6900819
0.99                                    35.4085239
1.0                                     34.4038348
